0 3.6630037
0 1.9417477
0 1.270648
555 1.650165
555 1.578532
555 1.3192612
578 1.7094017
578 1.4903129
569 1.7482517
389 2.3847377
389 2.170767
411 2.3217247
411 2.1426384
345 2.85144
345 2.661698
363 2.7383618
363 2.587018
363 2.432552
315 3.0851502
315 2.991027
309 3.220917
265 3.6330607
265 3.4584126
278 3.4745202
278 3.3503509
259 3.8402457
259 3.6998668
259 3.561761
271 3.5582318
271 3.4643571
274 3.6045313
274 3.4969401
284 3.4709756
284 3.4057543
284 3.3086138
297 3.3288949
297 3.2355478
305 3.2552767
305 3.1742783
313 3.1771247
313 3.120429
313 3.0464585
321 3.06549
321 2.9956427
310 3.1948884
310 3.127987
315 3.1481323
315 3.082306
323 3.084666
323 3.0395138
323 2.9750254
317 3.1432078
317 3.0927057
317 3.0338907
323 3.049666
323 2.9995716
316 3.1523643
316 3.1006684
321 3.1131566
308 3.1987207
308 3.1458907
313 3.160067
313 3.1103213
317 3.121878
317 3.0746527
323 3.0867934
323 3.0440493
323 2.996827
322 3.0712175
322 3.0263233
325 3.0401983
325 2.9955068
329 3.0132034
329 2.9700832
322 3.0930033
322 3.0502236
326 3.061913
326 3.0251756
326 2.985528
325 3.0463443
325 3.0102646
324 3.0710735
324 3.0340974
328 3.0445745
328 3.011481
328 2.9724584
331 2.9880936
331 2.9528005
329 3.0094776
329 2.9760582
332 2.9871728
332 2.9544663
330 3.008941
330 2.9770765
329 3.027627
329 2.9992502
331 3.0085723
331 2.977769
331 2.9474704
330 2.9926977
330 2.967359
333 2.9784064
333 2.9509978
336 2.9602861
336 2.9303193
330 3.0180707
330 2.9886432
332 2.9995556
332 2.9707327
331 3.0163171
327 3.0251737
327 2.9983938
329 3.0075722
329 2.979529
325 3.0603373
325 3.033123
323 3.075346
323 3.0501237
319 3.1257353
319 3.0983474
319 3.0741768
322 3.0814621
322 3.0553207
317 3.128326
317 3.103603
316 3.141461
316 3.1164415
315 3.1556582
315 3.1312973
311 3.1983273
311 3.174022
313 3.1806614
313 3.1566606
307 3.252566
307 3.2271435
306 3.2632663
306 3.2402136
308 3.245342
308 3.2225578
308 3.198903
309 3.2049465
309 3.1829193
311 3.187563
311 3.1653478
308 3.2262514
308 3.2039874
310 3.2095745
310 3.187897
309 3.2203526
309 3.1987205
311 3.2038553
311 3.1837914
313 3.1872094
313 3.1686666
315 3.1723926
310 3.20406
310 3.183416
311 3.1845522
311 3.1684563
304 3.2738543
304 3.2533653
303 3.2827349
303 3.2627628
303 3.2917194
303 3.2705073
302 3.3004096
302 3.2809656
304 3.2846975
284 3.5023782
285 3.5017626
285 3.4848094
285 3.4636662
287 3.4676468
287 3.4479587
286 3.4728568
286 3.4542313
288 3.4570022
288 3.4376614
290 3.440111
290 3.4211578
288 3.468157
288 3.4503222
287 3.4743466
287 3.456221
289 3.4551268
289 3.4403424
289 3.4219475
289 3.4458554
289 3.4277008
285 3.4930456
285 3.4751296
286 3.478587
286 3.4607096
281 3.5452952
281 3.5273368
283 3.5247138
283 3.5124764
283 3.4938908
284 3.4964333
284 3.4790955
285 3.5013728
285 3.4841826
281 3.5458198
280 3.5481846
280 3.5669038
277 3.591675
277 3.5743957
272 3.652652
272 3.6349027
273 3.636433
273 3.6198237
272 3.6593418
272 3.642782
269 3.7000356
269 3.6825564
268 3.7213264
268 3.7042496
269 3.705538
269 3.6885545
266 3.743957
266 3.727495
267 3.728722
267 3.7124717
270 3.6962306
264 3.7686207
264 3.7514155
265 3.7523782
265 3.73599
265 3.754278
265 3.7388053
266 3.7392886
266 3.7237527
266 3.7413974
266 3.7261772
268 3.7270887
268 3.7117386
268 3.6954541
269 3.6963606
269 3.6816387
270 3.6830876
270 3.6671977
270 3.6850977
270 3.6700568
272 3.6701455
271 3.6732895
271 3.6884181
271 3.675399
271 3.6605818
267 3.725591
267 3.7105753
268 3.7121418
268 3.6981192
267 3.7304585
267 3.7154822
268 3.7175305
268 3.7024307
269 3.7027817
269 3.6891217
270 3.690208
270 3.6760182
271 3.6774282
271 3.663395
272 3.6644518
272 3.6511834
272 3.6672602
272 3.652762
272 3.6695325
272 3.6558979
273 3.6565244
273 3.6437967
273 3.6298175
274 3.6309114
274 3.6181993
272 3.6633246
272 3.6500597
273 3.651486
273 3.6382012
270 3.697097
270 3.683901
270 3.68503
270 3.672441
272 3.6729255
272 3.6600015
272 3.674297
272 3.6630037
272 3.6500945
272 3.6503975
272 3.6382825
273 3.6395338
273 3.626736
273 3.6418607
273 3.629441
274 3.6307054
274 3.6182601
275 3.6196518
275 3.607231
276 3.6092334
276 3.596543
276 3.611219
276 3.5992322
275 3.6270876
275 3.6155586
276 3.616923
276 3.6044097
277 3.6058953
275 3.6195903
275 3.6088855
274 3.6356082
274 3.6237512
273 3.6514246
273 3.639263
273 3.6403723
273 3.6285584
274 3.6303883
274 3.6184502
275 3.6196575
275 3.6080134
276 3.6096995
276 3.5983849
277 3.59991
277 3.5877566
278 3.589438
278 3.5784156
279 3.578612
278 3.5803487
278 3.5698514
279 3.5712101
279 3.5604112
280 3.5616605
280 3.5509555
280 3.5643516
280 3.5524192
280 3.5549576
280 3.5443583
277 3.6053245
277 3.5946817
274 3.643398
274 3.6324484
275 3.6335752
275 3.6228049
275 3.6240807
275 3.6135278
275 3.6255538
275 3.6160688
275 3.605212
275 3.6178699
275 3.6074455
276 3.6086562
276 3.598565
277 3.5994651
277 3.589212
278 3.590338
278 3.580209
278 3.5813544
278 3.571348
279 3.5721505
279 3.5624664
280 3.5636883
280 3.5538423
280 3.5661912
280 3.5566292
280 3.5575001
280 3.5475059
281 3.5490994
281 3.5394545
282 3.5408676
282 3.5306425
283 3.5314572
282 3.5335689
282 3.524134
282 3.5251124
282 3.5156376
280 3.5598254
280 3.5501187
281 3.5518107
281 3.5420632
281 3.5435786
281 3.533868
282 3.5350232
282 3.5257592
282 3.5375006
282 3.5282416
281 3.5503576
281 3.541224
281 3.5419004
281 3.5330565
282 3.5344088
282 3.5255916
282 3.5366933
282 3.5276985
282 3.5390265
282 3.530072
283 3.5303333
283 3.522342
283 3.5133548
283 3.5146544
283 3.5057673
284 3.5071146
284 3.497765
284 3.5098245
284 3.500793
284 3.5119138
284 3.5031312
284 3.5047424
284 3.4956748
283 3.516964
283 3.5083928
284 3.5091848
284 3.5011199
285 3.5023024
285 3.4934752
283 3.5237586
283 3.5156364
283 3.5260592
283 3.5175977
283 3.5188584
283 3.5102863
282 3.5402293
282 3.531815
282 3.5328958
282 3.524338
283 3.5258322
283 3.5175643
282 3.5372353
282 3.5290132
281 3.5579169
281 3.549786
281 3.541758
281 3.5429914
281 3.5344892
282 3.5354378
282 3.527549
281 3.5468855
281 3.5387466
281 3.5489032
281 3.5408297
281 3.5510974
281 3.542473
278 3.5806699
278 3.5723376
279 3.5731452
279 3.5652237
279 3.5657542
279 3.5584304
280 3.5589747
280 3.5514104
281 3.5521913
281 3.5441365
281 3.545278
281 3.537369
282 3.5379555
282 3.530786
283 3.5306995
283 3.5237944
283 3.515958
283 3.5171428
283 3.509386
284 3.5103652
284 3.503207
284 3.5039518
284 3.4963517
285 3.5061293
285 3.4983761
284 3.5085602
284 3.5006537
285 3.501665
285 3.494557
285 3.4941137
285 3.4882135
285 3.480466
286 3.490031
286 3.4826672
285 3.492246
285 3.4844968
285 3.494325
285 3.487014
286 3.48806
286 3.480822
286 3.4902265
286 3.482927
286 3.4922879
286 3.4851012
286 3.486196
286 3.478994
284 3.5127356
284 3.5057688
284 3.5067549
284 3.4999425
285 3.5002208
285 3.4938204
285 3.502627
282 3.5279963
282 3.5362344
282 3.5383184
282 3.5309136
282 3.5318594
282 3.5247822
282 3.5341082
282 3.526319
283 3.5275204
283 3.5207896
282 3.5294588
282 3.5224986
282 3.5312977
282 3.5243337
282 3.5331779
282 3.5261822
283 3.5271425
283 3.5201862
283 3.5212095
283 3.5142095
283 3.5228596
283 3.5164049
283 3.509318
283 3.5180914
283 3.511274
284 3.5122466
284 3.505061
284 3.506041
284 3.4995692
285 3.5005295
285 3.493878
282 3.5330822
282 3.5263946
283 3.5270278
283 3.520163
281 3.5444307
281 3.5377448
281 3.5459652
281 3.5392485
282 3.540143
282 3.533516
280 3.564113
280 3.5575726
280 3.5587454
280 3.5518675
279 3.5750997
279 3.5681896
279 3.576384
279 3.5699208
279 3.5708477
279 3.5641546
279 3.5723228
279 3.5660977
277 3.595908
277 3.5892966
277 3.5974376
277 3.5911098
278 3.591593
278 3.585142
278 3.5855563
278 3.5793211
278 3.572901
277 3.5955899
277 3.5887752
278 3.5895662
278 3.583071
274 3.6340961
274 3.627777
273 3.649609
273 3.6430523
272 3.6650107
272 3.6587877
272 3.6665628
272 3.6597366
271 3.6815886
271 3.675174
271 3.6754093
271 3.669183
272 3.6697376
272 3.663568
271 3.6852372
271 3.678575
271 3.6787505
271 3.6727114
270 3.7009776
270 3.6946669
269 3.7159286
269 3.709665
267 3.7373898
267 3.7311893
267 3.7382407
267 3.7321115
267 3.7323654
267 3.7264447
267 3.7198064
268 3.7202075
268 3.7138813
268 3.714342
268 3.708173
269 3.7083154
269 3.7023022
269 3.7028794
269 3.6965714
270 3.6970315
270 3.6911266
270 3.6981952
270 3.6919866
270 3.6924515
270 3.6866176
270 3.699908
270 3.6939101
270 3.6947365
270 3.6884487
270 3.6888905
270 3.6831198
270 3.6896238
270 3.683871
271 3.6844144
270 3.6848352
270 3.6787088
269 3.7055676
269 3.6997886
269 3.6997232
269 3.6938763
270 3.6946135
270 3.6886494
270 3.6888905
270 3.6831934
267 3.7286472
267 3.7229552
268 3.7231374
268 3.7170663
267 3.7370117
267 3.73077
267 3.731534
267 3.7252738
268 3.7259958
268 3.7201436
265 3.7583723
265 3.7526069
266 3.7527845
266 3.747188
266 3.747114
266 3.7411196
265 3.7669637
265 3.7610981
264 3.7801614
264 3.7742698
264 3.7746224
264 3.7687342
263 3.7940853
263 3.7882087
263 3.7945125
263 3.7885602
263 3.7953365
263 3.7894945
263 3.7897959
263 3.7839568
264 3.784336
264 3.778291
264 3.7847652
264 3.7791784
264 3.7790537
264 3.7800832
264 3.7741141
264 3.774228
264 3.7683785
264 3.7689586
264 3.7635221
265 3.7636979
265 3.758036
265 3.7583098
265 3.752944
265 3.7590365
265 3.7534606
266 3.7538075
266 3.7482111
266 3.7545214
266 3.7489626
266 3.7552977
266 3.7496653
266 3.7500372
266 3.7445407
266 3.7446082
266 3.7395785
267 3.7397645
267 3.7340286
267 3.7287276
267 3.7290828
267 3.723651
266 3.741321
266 3.7363694
267 3.7365801
267 3.7311256
266 3.74296
266 3.737491
267 3.7380242
267 3.7326212
267 3.73303
267 3.7276068
268 3.7280219
268 3.7226214
268 3.7230422
268 3.717729
267 3.7293923
267 3.724149
268 3.724843
268 3.7193227
267 3.7310662
267 3.7257867
267 3.7433338
267 3.7377756
267 3.7382963
267 3.7330368
267 3.733563
267 3.7283878
267 3.7395637
267 3.7345006
266 3.7462258
266 3.7409148
267 3.7412786
266 3.7528186
266 3.7475631
266 3.7480004
266 3.7425148
265 3.7655852
265 3.7601523
264 3.7716537
264 3.7663317
264 3.772245
264 3.767
264 3.784002
264 3.7785044
264 3.7790604
264 3.7736473
264 3.77946
264 3.7742484
264 3.7746613
264 3.7698421
265 3.769724
265 3.7647805
265 3.7705166
265 3.7654214
264 3.7765417
264 3.7716775
264 3.7718034
264 3.7666109
264 3.772421
264 3.7672215
264 3.7731366
264 3.7679505
265 3.7679787
265 3.7631373
265 3.7634149
265 3.758552
265 3.7535405
264 3.7746744
264 3.770119
264 3.7704053
264 3.765365
265 3.765697
265 3.7606964
265 3.760974
265 3.7560327
265 3.7615464
265 3.756856
264 3.7727487
264 3.7680562
264 3.773426
264 3.768468
265 3.7687917
265 3.7637537
265 3.7640824
265 3.7591624
264 3.7856238
264 3.7806885
264 3.7809546
264 3.7760577
264 3.7763684
264 3.7713728
264 3.777065
264 3.7722766
265 3.772064
265 3.7676642
265 3.762557
265 3.7680876
265 3.7632446
265 3.763529
265 3.7586467
265 3.7589557
265 3.754226
266 3.7547126
266 3.7497706
266 3.7497835
266 3.745509
266 3.7504766
266 3.7459648
265 3.7614949
265 3.7565434
264 3.7820375
264 3.7776823
263 3.7929416
263 3.7881842
263 3.7884123
263 3.7836916
263 3.7889242
263 3.7841766
264 3.7844276
264 3.7796788
264 3.7849472
264 3.7804165
264 3.775333
264 3.7760067
264 3.7810657
264 3.7764502
264 3.7816458
264 3.7771716
264 3.7769802
264 3.7725785
264 3.7679272
265 3.7681944
265 3.763597
265 3.7687454
265 3.764177
265 3.764466
265 3.759785
265 3.76006
265 3.755708
265 3.7606819
265 3.7560651
265 3.7566361
265 3.7518892
266 3.7522087
266 3.7476242
266 3.7479482
266 3.7433257
266 3.7486837
266 3.7440171
266 3.7491627
266 3.7448497
266 3.7494953
266 3.745444
266 3.7455697
266 3.7410486
264 3.7796693
264 3.7751536
264 3.775386
264 3.7708507
265 3.7711234
265 3.766693
265 3.7719357
265 3.7673898
265 3.772208
264 3.7772644
264 3.7774742
264 3.777969
264 3.7733536
264 3.7829714
264 3.7785745
264 3.7787814
264 3.7743642
264 3.7746112
264 3.770209
264 3.7704427
264 3.7662318
265 3.766329
265 3.7619748
265 3.762287
265 3.7579298
265 3.7581584
265 3.7537642
265 3.763493
265 3.759207
265 3.7639182
265 3.7595549
265 3.7597973
265 3.755518
265 3.7603502
265 3.75608
266 3.7563083
266 3.7521904
266 3.7523365
266 3.7480435
266 3.7529025
264 3.7759972
264 3.7763042
264 3.77178
265 3.7722628
265 3.7681134
265 3.7682226
265 3.7639675
265 3.7641497
265 3.7600617
265 3.7556436
265 3.7604506
265 3.7561946
265 3.7611597
265 3.7567768
265 3.757033
265 3.752783
266 3.7533295
266 3.7488747
266 3.7536294
266 3.7495196
265 3.7676048
265 3.7634215
265 3.7636683
265 3.7594488
265 3.7597659
265 3.7555435
264 3.7736351
264 3.7693894
263 3.7873259
263 3.7831578
264 3.7834473
264 3.7791927
263 3.7884626
263 3.7841787
264 3.784366
264 3.7801955
263 3.7892244
263 3.7850578
263 3.7896688
263 3.785511
264 3.7858112
264 3.781716
264 3.7817726
264 3.7778058
264 3.7737162
264 3.7737162
264 3.7699833
264 3.7700365
264 3.7660055
265 3.7662096
265 3.7622077
265 3.7624643
265 3.7583454
265 3.7631376
265 3.7588487
265 3.7679105
265 3.7637548
265 3.7683918
265 3.76418
265 3.7687259
265 3.764748
264 3.7735367
264 3.7694495
265 3.7698877
265 3.7657492
265 3.765934
265 3.7619684
265 3.766622
265 3.7624886
265 3.7670045
265 3.762784
264 3.7761033
264 3.7720404
264 3.7847977
264 3.7808456
264 3.7810922
264 3.7769144
264 3.7773385
264 3.7733634
264 3.7778049
264 3.7737901
264 3.7740266
264 3.7700872
264 3.774734
264 3.7705505
265 3.7709618
265 3.7670264
265 3.7631304
265 3.7632356
265 3.759414
265 3.7636168
265 3.7598805
265 3.760113
265 3.7561865
266 3.756484
266 3.7525694
266 3.7528393
266 3.7490132
266 3.7492557
266 3.7454257
266 3.7457175
266 3.7417917
266 3.7463293
266 3.7424874
266 3.7467554
266 3.7427835
267 3.7429998
267 3.7393446
267 3.7436893
267 3.7399194
267 3.740183
267 3.7361515
267 3.736736
267 3.732988
267 3.733122
267 3.7293553
267 3.7255058
268 3.7260075
268 3.7221544
268 3.7223735
268 3.7186813
268 3.7189784
268 3.7152522
268 3.727459
268 3.7239254
268 3.7280781
268 3.7243576
268 3.7246325
268 3.720908
268 3.7212155
268 3.7174869
268 3.7177527
268 3.7140353
268 3.7182677
268 3.7148073
268 3.7188692
268 3.7152092
269 3.7154903
269 3.711768
269 3.7121983
269 3.7085738
269 3.7087145
269 3.7051005
269 3.709315
269 3.7056644
269 3.713744
269 3.7101393
268 3.718286
268 3.714597
269 3.7149913
269 3.7113998
269 3.7115648
268 3.7157652
269 3.7150452
268 3.7240405
268 3.7203996
268 3.7208726
268 3.7171412
267 3.7289617
267 3.7253737
267 3.7294705
267 3.7260466
268 3.7262247
268 3.7226386
267 3.7343998
267 3.7308125
267 3.731028
267 3.7275941
268 3.727898
268 3.7241879
268 3.7244234
268 3.7208946
268 3.7211182
268 3.7177556
268 3.7178688
268 3.7143881
269 3.714603
269 3.7111037
269 3.7151303
269 3.711778
269 3.7081087
269 3.7084126
269 3.7049077
268 3.7202663
268 3.7168128
267 3.732145
267 3.7285748
267 3.728816
267 3.725466
267 3.7331228
267 3.7296073
267 3.737414
267 3.7338448
267 3.7341077
267 3.7307436
267 3.730981
267 3.727598
268 3.7275186
268 3.7242005
Start time: 17/12/2018 01:10:19.980
End time: 17/12/2018 01:14:48.603
Duration: 268623 milliseconds (268.623 seconds)
Average latency: 268 milliseconds
Reads average latency: 10 milliseconds
Writes average latency: 516 milliseconds
Average throughput: 3.7226896 operations per second
Number of requests: 1000
Number of reads: 490
Number of writes: 510
Number of timeouts: 0
Percentage of writes: 50%
Number of replicas: 8
