0 3.6764703
0 1.9455253
0 1.2722646
557 1.650165
557 1.578532
557 1.3192612
576 1.7094017
576 1.489573
569 1.7474879
569 1.5898252
569 1.447178
576 1.6583748
576 1.5304561
567 1.710864
567 1.597019
570 1.7425939
570 1.6462841
570 1.5105741
471 2.1030493
471 1.994018
405 2.4630542
405 2.3614895
405 2.2581205
417 2.3041475
417 2.2335672
426 2.3041475
426 2.2199202
426 2.1370566
394 2.4633913
394 2.398401
366 2.7033985
366 2.6227052
366 2.5134652
312 3.1708748
312 3.0804334
299 3.3288949
299 3.2355478
305 3.2552767
305 3.1742783
313 3.1771247
313 3.120429
313 3.0432713
296 3.3441708
296 3.267974
287 3.461129
287 3.3889468
279 3.5702143
267 3.6620889
267 3.5714288
273 3.5994241
273 3.5230565
276 3.6031892
276 3.545297
276 3.4778748
279 3.5579436
279 3.4995
279 3.5726795
279 3.514091
283 3.518744
278 3.5319207
278 3.4735875
283 3.482523
283 3.4255266
288 3.4364264
288 3.382118
294 3.3894203
294 3.3402925
294 3.2906334
285 3.47685
285 3.4260263
288 3.434298
288 3.3838131
291 3.3967018
291 3.3480937
292 3.412969
292 3.365764
296 3.373294
296 3.3328207
296 3.289141
283 3.495805
283 3.454402
287 3.461051
287 3.4193797
291 3.4251463
291 3.3879163
291 3.3440156
287 3.4478002
287 3.4070776
290 3.4137356
290 3.3758273
293 3.3825338
293 3.3454986
293 3.3958046
293 3.3598435
289 3.4481308
289 3.4158127
291 3.4207056
291 3.3856823
291 3.3512335
295 3.3518214
295 3.3234422
298 3.3311126
298 3.3004582
301 3.3061664
301 3.272824
300 3.3198779
300 3.2875075
302 3.295808
302 3.2641385
305 3.2707055
305 3.2412577
305 3.2126794
304 3.2552545
304 3.224902
307 3.2342203
307 3.2054596
304 3.280369
304 3.2534652
303 3.2937856
303 3.2649252
303 3.2394552
302 3.277077
302 3.2503412
304 3.2561738
304 3.2315865
307 3.2366567
307 3.210879
306 3.2493906
306 3.224306
305 3.2598336
305 3.235061
304 3.2715375
304 3.2468507
306 3.252566
306 3.2271435
308 3.2338674
308 3.2110226
310 3.2163656
310 3.193785
310 3.1703415
307 3.2333088
307 3.2110868
304 3.2714462
304 3.2486465
306 3.2538261
306 3.2313719
305 3.263974
305 3.241929
299 3.3276978
299 3.3053446
301 3.309768
301 3.2890408
303 3.291708
303 3.2725573
305 3.2755597
302 3.281883
304 3.2806897
300 3.3153646
300 3.2941887
301 3.2988453
301 3.2782001
299 3.3320992
299 3.311827
298 3.3404856
298 3.3189592
300 3.3245003
300 3.3049142
302 3.3084998
298 3.3358567
298 3.3173347
299 3.3182223
299 3.3009436
301 3.3058233
301 3.2870538
298 3.3357704
298 3.3178802
300 3.3214335
300 3.3028512
296 3.3730958
296 3.354512
295 3.3797963
295 3.3624158
295 3.3869417
295 3.3692722
294 3.390343
293 3.3973382
293 3.3791733
292 3.4033139
292 3.3853836
289 3.4509606
289 3.4332607
290 3.4369273
290 3.4192638
291 3.4216223
291 3.4042902
293 3.4024
292 3.41096
292 3.3929112
293 3.395961
293 3.3791213
294 3.3820078
294 3.3654037
293 3.4079268
293 3.3913589
294 3.3916144
294 3.3781161
294 3.361864
294 3.3835094
294 3.3671322
295 3.369888
295 3.3544965
296 3.3575404
296 3.3423464
296 3.3636687
296 3.3477786
297 3.3510451
297 3.3356676
292 3.4120302
288 3.4511724
283 3.5258625
283 3.5103593
280 3.5666037
280 3.55106
281 3.5533812
281 3.5375261
281 3.5214381
282 3.5233598
282 3.5079718
282 3.527275
282 3.512738
282 3.5315502
282 3.5168777
280 3.5526114
280 3.5381591
282 3.5398834
282 3.5253043
282 3.5098376
279 3.5619476
279 3.547761
277 3.5991004
277 3.584824
278 3.585947
278 3.571605
279 3.5718966
279 3.5590096
280 3.5584297
280 3.5461566
280 3.532144
281 3.532888
281 3.5186489
279 3.5687544
279 3.5552733
280 3.5565813
280 3.5423028
281 3.544987
281 3.530588
282 3.5316448
282 3.5186162
283 3.5203657
283 3.5068293
284 3.5088794
284 3.4954894
285 3.4971948
285 3.4845319
286 3.4866347
286 3.4735277
287 3.4748745
287 3.4619114
288 3.4633963
287 3.4661016
287 3.4527533
282 3.5280108
282 3.5156593
283 3.5173752
283 3.504639
282 3.5355659
282 3.5227027
283 3.5244699
283 3.5118902
284 3.5136333
284 3.5010817
285 3.502751
285 3.490426
284 3.5194416
279 3.5647624
280 3.5650873
278 3.581532
278 3.5690477
278 3.584378
278 3.5720687
278 3.5868893
278 3.574657
277 3.5897577
277 3.5774527
278 3.5795155
278 3.5667
279 3.5688314
279 3.5562832
277 3.5978441
277 3.5859017
278 3.5872295
278 3.5758271
279 3.5773218
279 3.5649452
280 3.5653427
278 3.5814185
278 3.569242
279 3.5711968
279 3.5590413
279 3.5740092
279 3.5621054
278 3.576281
278 3.5646753
279 3.5666974
279 3.5549686
279 3.569033
279 3.5575516
280 3.55939
280 3.5482333
276 3.6124098
276 3.6002142
277 3.6018581
277 3.5907977
278 3.5909522
278 3.5803487
278 3.5698514
274 3.6323612
274 3.621377
275 3.6224396
275 3.611552
275 3.6247644
275 3.6126297
276 3.6150076
276 3.6042292
276 3.6172626
276 3.6065848
276 3.6196625
276 3.6087842
274 3.6453726
274 3.6350377
274 3.6358092
274 3.6252222
273 3.6488693
273 3.6393235
273 3.6283965
272 3.6641045
272 3.653547
272 3.6546264
272 3.6439474
272 3.6570175
272 3.6461835
273 3.647147
273 3.636858
274 3.6378427
274 3.6276784
274 3.6395497
274 3.6296828
275 3.630717
275 3.6206858
275 3.632849
275 3.6231081
275 3.6237888
275 3.6136084
274 3.637003
274 3.6271188
275 3.6282964
275 3.6178188
276 3.6183853
275 3.6202822
275 3.6106157
274 3.632914
274 3.6231494
275 3.6241596
275 3.6142776
276 3.6158073
276 3.6058843
275 3.6178453
275 3.6079311
276 3.6088893
276 3.5994318
276 3.61098
276 3.6015286
277 3.6025689
277 3.5933008
276 3.614608
276 3.6055825
276 3.617085
276 3.6080616
276 3.608661
276 3.5994833
277 3.6003969
277 3.5912871
278 3.5913765
278 3.583611
278 3.5741045
278 3.575252
278 3.5662117
278 3.587507
278 3.577943
277 3.5898206
277 3.580583
276 3.6114013
276 3.6023698
275 3.6235473
275 3.6141725
276 3.6154785
276 3.606667
274 3.6366131
274 3.6282554
275 3.6291268
275 3.6199799
274 3.6402466
274 3.6318557
274 3.6323237
274 3.6236074
275 3.6246166
275 3.6157868
276 3.616775
276 3.6081786
276 3.6185997
276 3.609834
276 3.6111348
276 3.6022918
277 3.6032636
277 3.594888
275 3.6236305
275 3.6153493
275 3.6071732
276 3.608257
276 3.5995982
276 3.6096728
276 3.6016183
276 3.6115422
276 3.6032548
276 3.6040676
276 3.5958683
277 3.596859
277 3.5881236
278 3.589781
278 3.5814273
278 3.591283
278 3.5833213
276 3.6108904
276 3.6031168
276 3.6128986
276 3.6052196
277 3.6058767
277 3.5977004
277 3.6076322
277 3.599584
277 3.6000247
277 3.6015787
277 3.6013453
277 3.5942702
277 3.5862772
278 3.5873103
278 3.5793989
278 3.5802233
278 3.5729225
278 3.5908985
278 3.5831099
278 3.5840433
278 3.5761178
276 3.6205962
276 3.6124682
276 3.6132376
276 3.6059031
277 3.6051736
277 3.5990858
277 3.5907865
277 3.6004212
277 3.5928245
277 3.593746
277 3.5857413
278 3.587308
278 3.5791402
278 3.5802925
278 3.5728629
278 3.5820746
278 3.574583
279 3.5754375
279 3.5680797
279 3.577284
279 3.5698938
277 3.5951943
277 3.588064
277 3.5970929
277 3.590105
276 3.614714
276 3.6081045
277 3.6085498
277 3.6014504
277 3.6009147
277 3.594676
277 3.587473
278 3.5883045
278 3.5811143
278 3.5823007
278 3.5744052
278 3.5835128
278 3.5766752
279 3.5772617
279 3.5702074
279 3.5789106
279 3.571853
279 3.5806031
279 3.5735135
279 3.574381
279 3.5673316
278 3.5839484
278 3.5846503
278 3.5853493
278 3.57878
278 3.5715675
279 3.5724547
279 3.5655322
279 3.5741365
279 3.5668242
279 3.5753915
279 3.5687914
279 3.569619
279 3.562836
280 3.5636718
280 3.5569263
280 3.557499
280 3.5505748
280 3.5596104
280 3.5528955
281 3.553526
281 3.546795
281 3.5476751
281 3.541034
281 3.5416026
281 3.5351038
280 3.5662217
280 3.5593295
280 3.5602033
280 3.553322
278 3.583804
278 3.5773273
274 3.6447785
274 3.6379466
270 3.6901727
270 3.683742
270 3.6913095
270 3.6845229
270 3.692492
270 3.6859968
271 3.6863003
271 3.6796792
271 3.679913
271 3.6735137
271 3.6669247
270 3.6894505
270 3.6824582
270 3.6974692
270 3.6907787
270 3.691439
270 3.68473
270 3.6924615
270 3.6858277
270 3.6863604
270 3.6801012
270 3.6878388
270 3.680973
271 3.6815886
271 3.675174
271 3.6824505
271 3.676212
270 3.6907878
270 3.6845827
270 3.69223
270 3.6856582
269 3.7071621
269 3.7005348
269 3.7079213
269 3.7015986
268 3.7228484
268 3.7162907
268 3.7170877
268 3.710256
269 3.7110343
269 3.704415
269 3.704896
269 3.698842
269 3.6925051
270 3.6929533
270 3.6866734
270 3.6871805
270 3.6810813
270 3.6880143
270 3.6820343
270 3.6961346
270 3.689838
270 3.6903095
270 3.6844156
271 3.684796
271 3.6786098
271 3.6857743
271 3.679951
270 3.686599
270 3.6806228
271 3.6881032
271 3.6818268
271 3.6822793
271 3.6765192
271 3.6764464
271 3.6707144
272 3.6712792
272 3.6651652
272 3.6590714
272 3.6663551
272 3.6606374
270 3.686696
270 3.6808698
268 3.714093
268 3.7080975
269 3.7083056
269 3.7025788
269 3.7092943
269 3.7036319
269 3.7038465
269 3.6978068
270 3.698552
270 3.6923745
270 3.6931963
270 3.6870005
270 3.6941497
270 3.6883473
270 3.6885376
270 3.6828792
271 3.6831713
271 3.677423
268 3.71569
268 3.7100961
268 3.7166536
268 3.7108665
269 3.7112033
269 3.705419
269 3.7121286
269 3.7063382
269 3.713095
269 3.7073438
269 3.707568
269 3.7017517
269 3.7024653
269 3.6967661
270 3.6972113
270 3.691515
270 3.6920352
270 3.6861377
271 3.6866188
271 3.681177
271 3.681214
271 3.6762683
271 3.6704633
272 3.670741
272 3.6650522
272 3.6657827
272 3.660495
270 3.6971374
270 3.6915753
270 3.6919513
270 3.6866803
270 3.6868632
270 3.6813943
270 3.6878462
270 3.682348
270 3.7007143
270 3.6952355
270 3.6956897
270 3.6901467
270 3.690607
270 3.6851976
271 3.685358
271 3.680408
271 3.6806846
271 3.675039
271 3.669822
271 3.6761463
271 3.6707916
271 3.6768155
271 3.6719491
271 3.672257
271 3.6668966
272 3.667168
272 3.6618097
272 3.6624498
272 3.6571562
271 3.6866572
271 3.681301
270 3.6875627
270 3.682221
270 3.6999896
270 3.694709
269 3.7121532
269 3.706934
269 3.7076514
269 3.7021565
269 3.713925
269 3.7086697
269 3.7091482
269 3.7036407
269 3.7155712
269 3.7103434
268 3.7165663
268 3.7114148
269 3.7113192
269 3.7062943
269 3.7124252
269 3.7071621
269 3.7075527
269 3.7023323
270 3.7027493
269 3.703248
269 3.6978283
269 3.6986415
269 3.693305
270 3.693773
270 3.688561
270 3.6947863
270 3.689444
270 3.6899552
270 3.6845942
271 3.6852734
271 3.6799946
269 3.713443
269 3.7083228
269 3.7088041
269 3.7040892
269 3.7040684
269 3.6990087
269 3.7048154
269 3.7000306
270 3.700358
270 3.6955917
270 3.6958246
270 3.6907368
270 3.6912353
270 3.6861477
271 3.6867702
271 3.6817026
271 3.6818533
271 3.6771228
271 3.6828854
271 3.6781266
271 3.6732223
271 3.6730897
271 3.6686568
271 3.679745
271 3.6748257
271 3.6752777
271 3.6703973
271 3.6761
271 3.6712704
272 3.671608
272 3.6670296
272 3.6672173
272 3.662656
272 3.6629074
272 3.6580944
273 3.6586392
273 3.6538632
272 3.6646144
272 3.6598244
272 3.6655283
272 3.6607494
273 3.6611724
273 3.6564305
272 3.6672847
272 3.6624334
272 3.6682606
272 3.6636102
272 3.6635525
272 3.6592793
272 3.6543376
272 3.6653419
272 3.6602356
272 3.6608407
272 3.6560915
272 3.661653
272 3.6570458
272 3.6627605
272 3.6579394
273 3.6580768
273 3.6539068
273 3.6539195
273 3.649524
273 3.6550376
273 3.6502264
273 3.6505764
273 3.6463726
274 3.64669
274 3.6422808
274 3.6425107
274 3.6380448
273 3.6586468
273 3.6538606
273 3.6544766
273 3.64969
273 3.6501453
273 3.645758
273 3.6409278
273 3.6466575
273 3.656852
273 3.652388
273 3.6527824
273 3.6484606
274 3.6484802
274 3.6441925
274 3.6396992
274 3.640125
274 3.6356838
271 3.6753867
271 3.6709313
272 3.6713347
272 3.6667695
272 3.6671588
272 3.662914
272 3.672884
272 3.668375
272 3.6690462
272 3.6646059
272 3.664657
272 3.66018
272 3.6704712
272 3.6659443
272 3.6713912
272 3.6670156
272 3.667258
272 3.6628273
271 3.6775842
271 3.6732223
270 3.6928153
270 3.6883578
270 3.69355
270 3.6893315
270 3.6892796
270 3.685041
269 3.704462
269 3.7001102
269 3.705428
268 3.7151968
268 3.7200794
268 3.7204633
268 3.720741
268 3.7212992
268 3.7167532
268 3.726439
268 3.7221076
268 3.7223818
268 3.7180305
267 3.7277217
267 3.7233744
268 3.7236629
268 3.7195044
268 3.7196581
268 3.715358
268 3.7157238
268 3.7114208
269 3.7117043
269 3.707364
269 3.7125099
269 3.7082818
269 3.7130542
269 3.70875
267 3.732118
267 3.72787
268 3.7281318
268 3.7238982
267 3.73794
267 3.7338421
267 3.73401
267 3.729738
267 3.7437603
267 3.73947
267 3.744379
267 3.739893
266 3.7586117
265 3.7588515
265 3.7591424
265 3.7548978
266 3.7550902
265 3.7600617
265 3.7556436
265 3.764965
265 3.7607038
264 3.7701685
264 3.7657752
264 3.7750094
264 3.770739
264 3.7712667
264 3.7667904
265 3.7670512
265 3.7629268
264 3.776533
264 3.7723396
264 3.7770305
264 3.772796
264 3.7775426
264 3.7733002
264 3.7780695
264 3.7738187
264 3.7740524
264 3.7698991
265 3.770203
265 3.7659633
265 3.7664368
265 3.7621777
265 3.7667847
265 3.7626336
265 3.7629104
265 3.7587726
265 3.7634125
265 3.7592835
265 3.7639785
265 3.7599068
265 3.759988
265 3.7560441
265 3.7519782
265 3.7606883
265 3.7569683
265 3.7570364
265 3.753019
265 3.7575617
265 3.753569
266 3.7538347
266 3.7497253
266 3.7545261
266 3.7502472
265 3.7593176
265 3.7551715
265 3.7596402
265 3.7556152
266 3.7558925
266 3.7519283
265 3.7649992
265 3.7609215
265 3.7656279
265 3.761494
265 3.7616835
265 3.7577224
265 3.7581387
265 3.7540145
265 3.7585394
265 3.7543285
266 3.7549841
266 3.750944
266 3.75108
266 3.7471633
266 3.747445
266 3.7433043
266 3.7521563
266 3.7482076
266 3.7568636
266 3.7528713
266 3.7573087
266 3.753387
266 3.753879
266 3.7497187
266 3.754313
265 3.7587109
265 3.754839
265 3.7632356
265 3.759414
265 3.7594764
265 3.7557442
265 3.760113
265 3.7561865
265 3.7606075
265 3.7566886
265 3.7569542
265 3.753124
266 3.7533622
266 3.7495282
266 3.7498157
266 3.7458243
266 3.7543554
266 3.7504902
266 3.7509131
266 3.7470746
266 3.7514815
266 3.7474823
266 3.747754
266 3.7439802
266 3.7440727
266 3.7403705
267 3.740724
267 3.7367003
266 3.7412176
266 3.7414634
266 3.737617
266 3.74212
266 3.7382503
266 3.7545323
266 3.7508082
266 3.755085
266 3.7513227
266 3.755485
266 3.751925
265 3.7600443
265 3.756292
265 3.7645106
265 3.7607462
265 3.7610145
265 3.757246
265 3.7574723
265 3.753715
266 3.7539442
266 3.7504504
266 3.7505193
266 3.746828
265 3.7589233
265 3.7551572
265 3.7713099
265 3.7676275
264 3.7755735
264 3.7718945
265 3.7721183
265 3.7684057
265 3.7685883
265 3.764916
265 3.7730243
265 3.769281
265 3.7696087
265 3.7659793
265 3.7660751
265 3.7624557
265 3.7616923
265 3.758829
265 3.7554753
266 3.75561
266 3.7519891
265 3.7637758
265 3.760154
265 3.7603564
265 3.7569041
265 3.7609053
265 3.7572856
265 3.7653122
265 3.7615504
265 3.7617362
265 3.758274
265 3.7585485
265 3.7548082
265 3.7626617
265 3.7590966
265 3.7631001
265 3.7596993
265 3.7597709
265 3.756251
265 3.7716339
265 3.7680807
265 3.7720528
264 3.7724402
264 3.768711
265 3.768958
265 3.765396
265 3.7655895
265 3.7620938
265 3.762148
265 3.7587047
265 3.7589176
265 3.7555404
266 3.7556567
266 3.75212
Start time: 17/12/2018 01:10:19.980
End time: 17/12/2018 01:14:46.552
Duration: 266572 milliseconds (266.572 seconds)
Average latency: 266 milliseconds
Reads average latency: 11 milliseconds
Writes average latency: 515 milliseconds
Average throughput: 3.7513318 operations per second
Number of requests: 1000
Number of reads: 494
Number of writes: 506
Number of timeouts: 0
Percentage of writes: 50%
Number of replicas: 8
