0 3.6764703
0 1.9455253
348 2.5445292
375 2.4752474
375 2.367798
375 1.9788917
432 2.2792022
231 3.9741678
253 3.9318478
253 3.5771065
253 3.2561505
262 3.3167496
253 3.6730945
246 3.992016
246 3.7263775
266 3.7341297
266 3.5277517
266 3.320788
291 3.364879
291 3.1904287
291 3.4103827
231 4.17802
231 3.9771745
227 4.301787
227 4.1480536
237 4.147465
237 3.9958563
237 3.8467019
251 3.8319418
251 3.730846
255 3.8619978
255 3.7467217
265 3.7103534
265 3.640634
265 3.536794
278 3.550821
278 3.451251
264 3.7803214
264 3.6862586
264 3.7728357
252 3.9005363
252 3.8040893
247 3.9944263
247 3.9034133
253 3.9048634
253 3.823427
259 3.8252296
259 3.7453182
267 3.7337663
267 3.6794114
267 3.6013467
270 3.6792889
270 3.6207287
270 3.5518723
274 3.6305547
274 3.5709186
278 3.5726795
278 3.514091
284 3.5192204
284 3.4652808
284 3.4080482
270 3.6759965
270 3.6181288
261 3.808691
261 3.7510762
265 3.7525725
265 3.698181
265 3.6432014
270 3.6506925
270 3.5973277
266 3.715798
266 3.6611748
270 3.6706295
270 3.6181014
267 3.732935
267 3.6832414
271 3.6844835
271 3.6404655
271 3.592754
271 3.645625
271 3.6024477
275 3.6072927
275 3.5638607
279 3.5678608
279 3.5290794
279 3.4833496
266 3.7198622
266 3.6796439
266 3.7281587
266 3.6867588
254 3.909682
254 3.8668752
254 3.911623
254 3.8701994
252 3.9527354
252 3.9156876
255 3.9152653
255 3.8751786
255 3.8357491
258 3.8306532
258 3.7982197
261 3.8013873
261 3.7664053
261 3.8059359
261 3.7675533
264 3.7725885
264 3.735804
266 3.7401867
266 3.704247
269 3.7067995
269 3.6734252
269 3.6409068
269 3.679853
269 3.6455412
272 3.651539
272 3.6190672
268 3.7245858
268 3.6940386
267 3.7307162
261 3.7979743
261 3.7683458
256 3.8682184
256 3.8354027
258 3.8378432
258 3.8075128
261 3.8078315
261 3.777505
261 3.8105948
261 3.78107
259 3.8441432
259 3.8149302
261 3.8167937
261 3.7879927
251 3.9687276
251 3.9377072
253 3.9394386
253 3.9116094
255 3.911796
255 3.8843331
255 3.8558207
248 3.9990926
248 3.9716074
250 3.970473
250 3.9428017
250 3.9707708
250 3.943369
251 3.9711683
251 3.944347
252 3.944932
252 3.9184327
248 4.024571
248 3.9994736
249 3.9969697
249 3.9738197
251 3.971836
250 3.9707954
250 3.9474356
248 3.9933274
248 3.9731438
249 3.9986005
249 3.9735758
250 3.973837
250 3.9496603
245 4.071979
245 4.0457387
246 4.047218
246 4.0223145
248 4.023618
245 4.045231
247 4.042303
244 4.069509
244 4.0448184
243 4.091823
243 4.068591
244 4.066898
244 4.045087
244 4.0896564
244 4.066776
245 4.0655856
245 4.0431867
244 4.086682
241 4.131596
241 4.129884
241 4.1083384
243 4.102963
243 4.0854063
243 4.063563
245 4.062706
245 4.0413017
246 4.040149
246 4.0194273
247 4.040993
247 4.0202255
244 4.081212
244 4.060539
246 4.054357
246 4.0403633
246 4.0189843
246 4.0389833
246 4.018955
247 4.038515
247 4.0186877
247 4.038215
247 4.018662
247 4.0346947
247 4.018793
247 3.9993818
247 4.017917
247 3.998393
243 4.093367
243 4.074671
244 4.0743184
244 4.055881
242 4.1111507
242 4.091729
242 4.1101217
242 4.091261
242 4.109112
242 4.090278
243 4.107448
243 4.0885735
244 4.088985
244 4.0711646
245 4.0711374
245 4.052253
245 4.034541
246 4.0334654
246 4.016628
248 4.0162044
248 3.9996521
249 3.9989614
249 3.9823465
248 4.0159955
248 3.999658
246 4.0502367
246 4.0330777
246 4.015319
246 4.049944
246 4.0323257
246 4.048988
246 4.032927
247 4.032125
247 4.0157337
248 4.0142217
247 4.0324554
248 4.0296373
248 4.0154138
248 3.9992259
248 4.0146456
248 3.9984646
249 3.9989166
249 3.9838107
250 3.983371
250 3.9673793
251 3.968503
251 3.9523838
251 3.967266
251 3.9526305
252 3.9526913
252 3.9374924
251 3.968558
251 3.9534137
252 3.9533505
252 3.9390361
251 3.9696317
250 3.9697459
251 3.9690862
251 3.9543386
252 3.9538028
252 3.94004
252 3.9249246
253 3.9249122
253 3.911171
254 3.926033
254 3.9118168
254 3.9123063
254 3.8980727
255 3.912881
255 3.8989148
254 3.927842
254 3.9138107
252 3.956549
252 3.942627
251 3.9699302
248 4.013866
249 4.012415
248 4.0135455
248 3.9995553
249 3.999557
249 3.985822
250 3.9854326
250 3.971841
249 3.9992356
249 3.985527
250 3.9862785
250 3.972007
251 3.97285
251 3.9588814
252 3.958966
252 3.9458249
252 3.9592385
252 3.9466538
253 3.9469342
253 3.933279
254 3.9324148
254 3.9212613
254 3.9079292
255 3.9088373
255 3.8955326
255 3.8965733
255 3.883595
256 3.8839183
256 3.871314
253 3.9361053
253 3.923162
254 3.923405
254 3.9107838
253 3.9367106
253 3.924371
254 3.924902
254 3.9116514
255 3.912363
253 3.9251132
254 3.9241333
254 3.912546
254 3.9010746
255 3.901425
255 3.8896272
254 3.9141798
254 3.9024153
254 3.9268281
254 3.9136822
252 3.9632974
252 3.9514806
250 3.9873457
250 3.9755752
251 3.975695
251 3.9637465
249 3.9992921
249 3.987438
250 3.9876616
250 3.9760501
251 3.9752858
251 3.964886
251 3.9529815
252 3.9530718
252 3.9416816
252 3.9534323
252 3.9423769
253 3.9422715
253 3.9310415
253 3.9425547
253 3.9314322
251 3.9654744
251 3.9543948
252 3.9540787
252 3.9433591
253 3.9435172
253 3.9326217
252 3.9549842
252 3.9444237
252 3.9552329
252 3.9441214
252 3.9556527
252 3.9449027
253 3.945269
253 3.9338331
254 3.9335427
254 3.9237788
254 3.9133022
254 3.9131982
254 3.9026802
255 3.9029412
255 3.892299
256 3.8931258
256 3.8824418
256 3.8932383
256 3.8830225
253 3.9465632
253 3.9362206
253 3.936388
253 3.926085
254 3.9262779
254 3.916177
255 3.9158254
255 3.9060478
255 3.906452
255 3.8963046
256 3.896531
256 3.8866215
255 3.9174774
255 3.907565
254 3.9271543
254 3.9182248
254 3.9082277
253 3.938837
253 3.9288774
251 3.9693706
251 3.9587886
251 3.9598022
251 3.9496126
252 3.9496593
252 3.939782
253 3.94036
253 3.9301655
253 3.940576
253 3.9309723
253 3.930679
253 3.9216454
252 3.960396
252 3.9508383
252 3.9605882
252 3.9514592
250 3.98976
250 3.9801857
250 3.980348
250 3.9706516
251 3.9707978
251 3.96136
252 3.9614143
252 3.9518182
252 3.9523442
252 3.9426658
253 3.9428382
253 3.9336734
253 3.9428103
253 3.9337997
253 3.9249034
253 3.9345853
253 3.9251432
253 3.9344506
253 3.9256713
254 3.9255893
254 3.9165814
254 3.916665
254 3.907755
254 3.9171898
254 3.9076767
254 3.9177814
254 3.9086645
255 3.9086945
255 3.900029
256 3.8997617
256 3.8917518
255 3.9094799
255 3.9011705
255 3.9100947
255 3.9012284
255 3.9104602
255 3.9017713
256 3.9015048
256 3.8935988
256 3.8925273
256 3.8846068
256 3.8763437
252 3.9556892
252 3.9469655
251 3.9644423
251 3.9563582
252 3.9560745
252 3.947494
253 3.9476418
253 3.9389124
252 3.9568284
252 3.9479117
253 3.9479556
253 3.9399416
253 3.9383533
253 3.9317026
253 3.9226363
253 3.931592
253 3.9232965
254 3.923525
254 3.9147859
255 3.9157236
255 3.906808
255 3.907298
255 3.89919
255 3.9077177
255 3.899545
255 3.9163513
255 3.908292
255 3.9085143
255 3.9004395
256 3.900291
256 3.8925555
256 3.8927443
256 3.884832
257 3.884972
257 3.8774877
257 3.885504
256 3.8859894
257 3.8847706
257 3.87804
257 3.8702693
256 3.886658
256 3.8788698
256 3.8871756
256 3.8792932
256 3.8874714
256 3.8800538
257 3.8803236
257 3.872363
257 3.8804595
257 3.8728073
258 3.8730586
258 3.8653898
256 3.8971775
256 3.8894913
256 3.8897994
256 3.8820667
256 3.897798
256 3.8906562
256 3.8828154
256 3.8831031
256 3.8755784
257 3.8835855
257 3.8756402
257 3.8759093
257 3.8687544
256 3.8920362
256 3.8846405
256 3.884861
256 3.8775077
254 3.9231517
254 3.9155161
252 3.961869
252 3.9543955
252 3.9542427
252 3.9467525
252 3.954415
252 3.9470124
253 3.9467862
253 3.9395435
253 3.9400394
253 3.9324248
254 3.9326096
254 3.9250085
253 3.9473784
253 3.9402447
252 3.955287
252 3.947873
252 3.9553347
252 3.9484422
252 3.9628372
252 3.9555514
252 3.9557192
252 3.948444
251 3.9777074
251 3.9705627
251 3.9774997
251 3.970583
251 3.963461
248 4.021283
248 4.0139513
248 4.013984
248 4.0067205
246 4.049831
246 4.042789
246 4.042424
246 4.0351615
247 4.0421867
247 4.035323
247 4.0424385
247 4.0349126
245 4.063174
245 4.056094
246 4.055624
246 4.0487537
245 4.0696898
245 4.062848
245 4.0628514
245 4.0555067
246 4.0549865
246 4.0483294
245 4.075936
245 4.068986
244 4.096517
244 4.089612
244 4.0890346
244 4.082279
244 4.081829
244 4.075136
244 4.081605
242 4.1093454
242 4.102025
243 4.101767
243 4.0947924
243 4.1081843
243 4.1013613
243 4.1075683
243 4.100908
243 4.100821
243 4.093835
243 4.093622
243 4.087084
244 4.086774
244 4.0799127
243 4.1064334
243 4.0999455
242 4.1127887
242 4.105821
243 4.1126328
243 4.105634
243 4.105378
243 4.0989556
243 4.098118
243 4.091728
244 4.0915775
244 4.0847907
244 4.084518
244 4.0846205
244 4.0779576
244 4.0778036
244 4.071068
245 4.071217
245 4.0646453
245 4.0642514
245 4.057975
246 4.0576453
246 4.0511904
246 4.051082
246 4.044476
246 4.04469
246 4.037935
246 4.0446253
246 4.0378394
245 4.069934
245 4.063283
245 4.0758023
245 4.069292
245 4.0694914
245 4.062857
245 4.062656
245 4.0565395
245 4.0625353
245 4.0562096
246 4.055994
246 4.0496726
245 4.068343
245 4.061997
245 4.074436
245 4.0681257
245 4.067767
245 4.061386
245 4.0801415
245 4.073861
245 4.073722
245 4.0674453
245 4.0673923
245 4.060895
246 4.0608015
246 4.054807
246 4.0542274
246 4.0487804
246 4.0423875
246 4.054251
246 4.047968
246 4.0542097
246 4.0480924
246 4.048093
246 4.042003
247 4.041842
247 4.0360713
247 4.0357018
247 4.0297155
247 4.0296464
247 4.0236387
248 4.0235553
248 4.0175986
248 4.0175724
248 4.0115466
249 4.0115294
249 4.0056496
249 4.0053086
249 3.9996686
249 3.9997165
249 3.9935818
249 3.9879127
250 3.9878833
250 3.9820747
250 3.9876149
250 3.9823372
250 3.9821768
250 3.976364
250 3.9822288
250 3.976178
250 3.9821875
250 3.9764316
250 3.9938786
250 3.9880762
249 4.0112357
249 4.0054255
248 4.0284934
248 4.0227437
246 4.051189
246 4.045493
247 4.0457525
247 4.039757
246 4.051035
246 4.045303
246 4.0510054
246 4.04499
247 4.045087
247 4.0393953
246 4.0564046
246 4.0506215
246 4.0561304
246 4.05041
246 4.056064
246 4.0505643
246 4.050243
246 4.050127
246 4.044455
246 4.050078
246 4.0441504
246 4.0445175
246 4.038682
246 4.0497994
246 4.044085
246 4.044293
246 4.0384455
247 4.03846
247 4.032614
247 4.0328364
247 4.02706
248 4.027023
248 4.02147
248 4.027037
248 4.0218954
248 4.026875
248 4.0215945
248 4.0269775
248 4.0215354
248 4.0214186
248 4.0162387
247 4.032302
247 4.026751
247 4.0322146
247 4.026657
247 4.037634
247 4.0320845
247 4.0317373
247 4.026557
247 4.031847
247 4.026637
247 4.0212684
247 4.0366564
247 4.0317845
246 4.0530524
246 4.047634
246 4.0529113
246 4.047529
246 4.0474234
246 4.0421057
246 4.0472336
246 4.0421867
244 4.089343
244 4.0842566
243 4.110245
243 4.1048446
243 4.1048145
243 4.0994563
243 4.1096034
243 4.104232
243 4.1041384
243 4.098788
243 4.098638
243 4.09333
244 4.0932302
244 4.0878153
244 4.0879345
244 4.082752
244 4.087264
244 4.0824966
244 4.0769625
244 4.0820947
244 4.0768485
244 4.081863
244 4.0765676
244 4.0815907
244 4.076455
244 4.0816536
244 4.0763645
245 4.0763087
245 4.0709567
245 4.0708666
245 4.0657425
245 4.065659
245 4.060307
246 4.0601287
246 4.055453
245 4.070351
245 4.06545
245 4.070153
245 4.065163
245 4.065163
245 4.059845
246 4.0599732
246 4.0546556
246 4.0595803
246 4.0547214
246 4.0492687
246 4.0546055
246 4.064273
246 4.059312
246 4.064134
246 4.0591445
246 4.0587707
246 4.0589786
246 4.053974
246 4.053888
246 4.0489416
246 4.0586486
246 4.053729
246 4.0585647
246 4.0535183
246 4.053433
246 4.048741
246 4.0484643
246 4.043494
247 4.0437365
247 4.038627
246 4.048308
246 4.0433617
247 4.043329
247 4.0383425
247 4.0385303
247 4.033503
247 4.0382814
247 4.033442
247 4.0333242
247 4.0285406
248 4.028526
248 4.023663
248 4.023673
248 4.018866
248 4.023578
248 4.0187445
248 4.0187225
248 4.0140014
249 4.0140038
249 4.0091667
249 4.0093837
249 4.0094104
249 4.009134
249 4.004647
249 3.9997547
249 3.9996796
249 3.9950309
249 3.9996805
249 3.995005
250 3.9949923
250 3.990333
249 4.004341
249 3.999869
249 4.0043497
249 3.9997203
249 3.9997578
249 3.995126
249 3.9997213
249 3.9950445
250 3.9952352
250 3.9906852
250 3.995117
250 3.9904857
248 4.0181394
248 4.013566
248 4.0227003
248 4.018132
247 4.0410166
247 4.0365863
247 4.0455594
247 4.0409307
246 4.0500264
246 4.045385
246 4.05451
246 4.0496526
246 4.054386
246 4.049742
246 4.049704
246 4.0451317
246 4.049518
246 4.05417
246 4.0494065
246 4.049369
246 4.044786
245 4.071962
245 4.067217
245 4.071617
245 4.0670114
245 4.0672283
245 4.0626006
245 4.066805
245 4.062352
245 4.0624094
245 4.0577173
246 4.0576353
246 4.0530863
246 4.053081
246 4.048529
246 4.061868
246 4.057496
246 4.061641
246 4.0571713
246 4.061577
246 4.0570097
245 4.0748
245 4.0701923
245 4.0744567
245 4.0699663
245 4.0699077
245 4.0654325
245 4.0653605
245 4.0609
245 4.0652714
245 4.060874
246 4.06079
245 4.065058
245 4.060658
245 4.060521
245 4.0561175
246 4.0560393
246 4.0517025
245 4.064566
245 4.060247
246 4.060182
246 4.0557375
246 4.0559216
246 4.051299
246 4.0514703
246 4.047002
246 4.0554385
246 4.051097
246 4.0510597
246 4.046784
246 4.046734
246 4.042351
247 4.0425124
247 4.0380745
246 4.0464664
246 4.0422053
247 4.042332
247 4.037896
247 4.042123
247 4.0375943
247 4.0422044
247 4.037855
247 4.037679
247 4.0334635
247 4.0334454
247 4.029175
247 4.033358
247 4.0291133
247 4.0374765
247 4.033186
247 4.033151
247 4.0289416
247 4.0333343
247 4.0288644
247 4.033181
247 4.028972
247 4.0248218
248 4.024629
248 4.020542
247 4.028785
247 4.0243196
248 4.0235133
248 4.0203576
248 4.020386
248 4.0161967
248 4.0203114
248 4.016213
248 4.0161796
248 4.0120773
249 4.012098
249 4.007893
249 4.0080814
249 4.0037913
249 4.0080485
249 4.003947
249 4.0040245
249 3.9997559
248 4.0160313
248 4.011987
248 4.024145
248 4.0198073
248 4.0201287
248 4.0160966
248 4.0159345
248 4.0118823
248 4.0077415
249 4.0079756
249 4.003831
249 4.0079436
249 4.003807
249 4.0038195
249 3.9998078
249 3.9997118
249 3.99592
250 3.9957964
250 3.991809
Start time: 17/12/2018 01:10:19.980
End time: 17/12/2018 01:14:30.592
Duration: 250612 milliseconds (250.612 seconds)
Average latency: 250 milliseconds
Reads average latency: 12 milliseconds
Writes average latency: 513 milliseconds
Average throughput: 3.990232 operations per second
Number of requests: 1000
Number of reads: 525
Number of writes: 475
Number of timeouts: 0
Percentage of writes: 50%
Number of replicas: 8
