0 3.6630037
0 1.9417477
362 2.5380712
362 1.6488045
362 1.5772871
362 1.3183916
576 1.7084283
576 1.4888337
569 1.746725
569 1.5891935
569 1.4466546
493 1.9893899
493 1.8359854
428 2.2805018
428 2.128792
444 2.2399204
406 2.3512816
406 2.210922
391 2.4625487
391 2.3871095
402 2.462121
402 2.3610606
402 2.2475796
417 2.3159635
417 2.233211
427 2.3037934
427 2.2159846
427 2.1367521
288 3.4209085
288 3.3306687
293 3.3466341
293 3.246753
305 3.2312112
305 3.1705027
305 3.0800822
318 3.106624
318 3.019519
326 3.044939
326 2.9691818
334 2.9782586
334 2.925117
334 2.855783
331 2.9723203
331 2.9046018
337 2.9283876
337 2.8673213
326 3.0627873
326 2.9987504
326 2.9320736
316 3.1085606
316 3.055708
317 3.1422439
317 3.0924723
317 3.0336661
319 3.1220505
287 3.427837
279 3.5724292
279 3.5138488
284 3.5185058
279 3.531685
279 3.47336
274 3.6112723
274 3.5544271
274 3.6211524
274 3.5663776
279 3.5709963
279 3.5190265
279 3.466714
259 3.8243134
259 3.7684138
255 3.8820748
255 3.8297164
258 3.8326764
258 3.779902
263 3.7860608
263 3.733698
267 3.736184
267 3.6915505
267 3.6431715
264 3.7453184
264 3.7009623
268 3.7046065
268 3.6619446
272 3.6628296
272 3.6230178
272 3.576073
276 3.5855474
276 3.5431998
279 3.548329
279 3.5089278
282 3.5141666
282 3.4756918
276 3.610574
276 3.5723398
276 3.6161804
276 3.5822885
278 3.585411
278 3.5487027
278 3.5125968
281 3.511292
281 3.4815636
279 3.5661101
279 3.5332947
281 3.536693
281 3.5010276
284 3.508375
284 3.474168
286 3.480837
286 3.4473906
289 3.4522858
289 3.4212043
289 3.3909194
283 3.5028129
283 3.4701533
285 3.477535
285 3.446612
283 3.5194423
283 3.4899874
285 3.4927459
285 3.4659734
288 3.4674065
288 3.4408178
288 3.4127474
288 3.449499
288 3.4234524
290 3.4269397
290 3.3996475
289 3.4367483
289 3.4102182
291 3.4134939
291 3.3875546
293 3.392603
293 3.3670034
288 3.4613433
288 3.4342895
283 3.5278554
281 3.5320218
282 3.5350022
282 3.5101852
282 3.48442
282 3.5168326
282 3.4926627
284 3.495037
284 3.4706798
278 3.5846248
278 3.5598881
276 3.617473
276 3.593041
277 3.595964
277 3.5718095
279 3.5744543
279 3.5520706
275 3.631139
275 3.6101084
276 3.610667
276 3.5864332
276 3.5653348
276 3.588849
276 3.57071
278 3.57366
278 3.5512953
276 3.6035147
276 3.5815916
276 3.6086118
276 3.5853581
276 3.6134999
276 3.5922122
278 3.5940402
278 3.573288
278 3.5525231
279 3.551817
279 3.5333223
279 3.5600352
279 3.5398228
281 3.5413191
281 3.522327
281 3.5473013
281 3.5274558
281 3.5517235
281 3.532156
280 3.5564392
280 3.5381503
282 3.539823
282 3.5213563
282 3.5414283
282 3.5262752
282 3.5074213
282 3.530863
282 3.5122612
283 3.514014
283 3.495991
280 3.5618322
280 3.5435274
278 3.5864458
278 3.5682793
280 3.5653167
274 3.6342225
274 3.6149933
275 3.6169274
275 3.5989923
277 3.600772
277 3.5830941
272 3.6639416
272 3.6461294
272 3.6643603
271 3.6692617
271 3.6516094
268 3.710254
268 3.6922252
268 3.7125177
268 3.6955616
269 3.6969972
269 3.6802673
270 3.6812797
270 3.6645708
269 3.7027438
269 3.6857526
270 3.6871262
270 3.6702273
271 3.6711922
271 3.6550503
271 3.6746163
271 3.6586022
273 3.6603873
273 3.6441205
273 3.6274838
274 3.627591
274 3.6131477
275 3.6145208
275 3.5996244
276 3.600734
276 3.5857742
278 3.5868742
278 3.5722833
278 3.5908782
278 3.5760894
278 3.5604002
279 3.5618877
279 3.5477016
278 3.5830348
278 3.5675766
279 3.569363
279 3.5547948
281 3.5553954
280 3.5589511
279 3.5746202
276 3.610576
276 3.5960202
277 3.5970645
277 3.582567
277 3.6005607
277 3.5869598
277 3.5881386
277 3.5737338
270 3.6861012
270 3.6711292
271 3.6716087
271 3.6580641
271 3.674711
271 3.660581
272 3.6620495
272 3.6480753
273 3.648969
273 3.6353724
274 3.6375163
274 3.6238422
274 3.6395226
274 3.626
275 3.6267428
274 3.6289308
274 3.6150088
274 3.630858
274 3.6181464
275 3.619487
275 3.606381
274 3.6369433
274 3.623136
273 3.6538877
273 3.6408463
270 3.6992602
270 3.6866229
270 3.6870542
270 3.6740808
271 3.6742449
271 3.6629524
272 3.6629012
270 3.679032
270 3.6662083
270 3.6812022
270 3.6685605
271 3.6692963
271 3.6567829
271 3.6716032
271 3.6590178
272 3.6608186
272 3.6477122
273 3.649586
273 3.636754
274 3.6379201
274 3.625845
275 3.6270394
275 3.6155107
275 3.6301236
275 3.6175168
276 3.6190076
274 3.6326098
274 3.621867
275 3.622577
275 3.6107626
276 3.6126702
276 3.600638
275 3.6146896
275 3.6029592
276 3.604866
276 3.593012
276 3.6069558
276 3.5953526
277 3.597077
277 3.585802
276 3.6123645
276 3.6001694
277 3.601366
277 3.590753
278 3.5909078
278 3.5803046
278 3.5698075
278 3.5833967
278 3.5725608
279 3.573773
279 3.5630317
271 3.6851327
271 3.6728404
269 3.7110431
269 3.6999784
268 3.7246616
268 3.7136667
269 3.7145603
269 3.703397
267 3.739707
267 3.7291045
268 3.7295928
268 3.7187328
268 3.7187724
268 3.7090437
268 3.6979077
269 3.6987379
269 3.6880805
267 3.7235386
267 3.7126586
267 3.725544
267 3.714507
267 3.7379992
267 3.727454
267 3.7281816
267 3.7177653
268 3.7181401
268 3.7080603
269 3.7088757
269 3.6986287
269 3.7105339
269 3.7006261
266 3.756325
266 3.7457724
265 3.7688165
265 3.7585745
265 3.7594397
265 3.7485425
266 3.7487776
264 3.7719896
264 3.7619183
261 3.8161356
261 3.8058786
261 3.8171213
261 3.806713
262 3.8077564
262 3.7972665
262 3.7977235
262 3.7877586
263 3.7882385
263 3.778311
262 3.8103836
262 3.8004105
262 3.8009315
262 3.7911532
261 3.8223045
261 3.8127604
261 3.8134017
261 3.8034964
262 3.8039625
262 3.7942882
263 3.7946978
263 3.7850964
262 3.8050666
262 3.7963762
262 3.78669
263 3.7873049
263 3.7777286
264 3.778401
264 3.768328
264 3.769774
264 3.7600734
265 3.7605953
265 3.751191
265 3.7621152
265 3.7523823
265 3.7533617
265 3.744214
265 3.7542028
265 3.7455747
266 3.7461588
266 3.7367172
267 3.7372835
267 3.7286692
267 3.7385526
267 3.7295814
267 3.739953
267 3.7308424
267 3.7315576
267 3.7226884
268 3.723313
268 3.714294
268 3.715358
268 3.7066455
267 3.7352853
267 3.7266028
268 3.7268596
268 3.7183425
268 3.7099335
268 3.7201064
268 3.711179
268 3.7117114
268 3.7034292
268 3.722348
268 3.7138066
268 3.714362
268 3.705912
269 3.7066526
269 3.697651
268 3.7173026
268 3.7086525
267 3.7272828
267 3.7190194
268 3.7191837
268 3.7115445
267 3.7386875
267 3.730741
267 3.7311096
267 3.7226493
268 3.7233994
268 3.7150931
269 3.7152636
269 3.7077348
269 3.7072344
269 3.6999516
269 3.6917236
270 3.692529
270 3.6843855
270 3.6937103
270 3.6861782
270 3.6865077
270 3.6785119
270 3.6965537
270 3.6883795
270 3.6981802
270 3.6894975
270 3.6904488
270 3.682642
271 3.6820297
271 3.6758122
271 3.667336
270 3.6853056
270 3.6775298
270 3.6867294
270 3.6785178
271 3.679907
271 3.6715283
271 3.6721554
271 3.6648734
271 3.673892
271 3.6662085
271 3.6751866
271 3.6676238
272 3.668342
272 3.6604612
272 3.661131
272 3.6538699
272 3.662763
272 3.6553183
273 3.6559334
273 3.6485627
273 3.6492188
273 3.6417732
273 3.6495461
273 3.6432233
273 3.635923
274 3.6366568
274 3.6293697
273 3.6465278
273 3.6384912
274 3.639476
274 3.6325314
274 3.6332924
274 3.6258388
274 3.6344304
274 3.627263
274 3.6359038
274 3.6287048
275 3.6294641
275 3.6223059
275 3.62316
275 3.615929
276 3.6166508
276 3.6099393
276 3.602664
276 3.6034915
276 3.5965087
277 3.597317
277 3.5899575
277 3.5907753
277 3.5841467
276 3.6079745
276 3.6011186
277 3.6018813
277 3.595063
277 3.6031783
277 3.596165
277 3.5975318
277 3.590746
278 3.5913022
278 3.5844998
278 3.585309
278 3.5785975
279 3.5790927
279 3.5725253
278 3.581148
278 3.5742269
278 3.582521
278 3.5755968
279 3.5763574
279 3.5698943
279 3.5782142
279 3.5715077
279 3.5796623
279 3.5731354
279 3.5738661
279 3.567295
278 3.582788
278 3.5764859
279 3.5769963
279 3.5705714
279 3.5710137
279 3.5648038
279 3.5584097
279 3.5664263
279 3.5599241
280 3.560767
280 3.5543237
279 3.5695598
279 3.563073
280 3.5638783
280 3.5574756
280 3.5582378
280 3.552196
281 3.5530653
281 3.5464506
281 3.5543683
281 3.5481756
280 3.555687
280 3.5496638
280 3.564462
280 3.5584698
280 3.5663338
280 3.5599856
280 3.56777
280 3.5616646
280 3.5618074
280 3.5562766
279 3.5703168
279 3.56457
279 3.5718474
279 3.5661912
280 3.5666916
280 3.5603302
280 3.5610585
280 3.5552394
280 3.5489066
281 3.5498443
281 3.543808
281 3.544558
281 3.5386713
281 3.5458834
281 3.540134
282 3.5409808
282 3.5349488
282 3.535683
282 3.5300355
282 3.5306807
282 3.5244944
279 3.5722392
279 3.5663335
280 3.5670552
280 3.5610123
280 3.5620472
280 3.5559852
280 3.5696108
280 3.5640268
280 3.5646749
280 3.5588593
280 3.5596068
280 3.5536788
281 3.5477705
280 3.5552301
280 3.5496857
280 3.5564008
280 3.5507808
280 3.5582335
280 3.55249
281 3.552961
281 3.5474741
281 3.547998
281 3.5425818
280 3.555927
280 3.5501287
278 3.5895596
278 3.5835643
278 3.58455
278 3.5785363
278 3.5922196
278 3.586349
278 3.586937
278 3.5812078
278 3.5821426
278 3.5763028
278 3.5831892
278 3.577795
279 3.5782788
279 3.5727067
279 3.5732644
279 3.5676954
280 3.5683708
280 3.5628047
279 3.576012
279 3.5704732
278 3.5833392
278 3.5777178
277 3.6033804
277 3.5978336
276 3.6167035
276 3.6113765
276 3.6120188
276 3.6062493
276 3.6129873
276 3.6076536
277 3.6078124
277 3.6027234
277 3.5973856
277 3.6040864
277 3.5984123
277 3.605069
277 3.5998693
276 3.606351
276 3.6006863
274 3.6436687
274 3.6382473
274 3.64474
274 3.6393335
274 3.6398525
274 3.6344256
274 3.6349287
274 3.629547
274 3.6420207
274 3.6365583
273 3.6549273
273 3.64957
273 3.6497865
273 3.644884
274 3.6452148
274 3.639624
274 3.634457
273 3.6525972
273 3.647277
273 3.6474733
273 3.6426458
271 3.678083
271 3.6724997
271 3.684637
271 3.6792529
271 3.6856823
271 3.6803546
270 3.6924326
270 3.687068
270 3.6991012
270 3.6937425
269 3.7057314
269 3.7004426
270 3.700639
270 3.6954365
269 3.7133605
269 3.7078574
269 3.7139037
269 3.7086484
269 3.709127
269 3.7036195
269 3.709869
269 3.7046492
269 3.7164614
269 3.7111628
269 3.711508
269 3.7062736
269 3.7067707
269 3.7017453
270 3.7019353
270 3.6967022
269 3.6915457
269 3.7032273
269 3.6977868
269 3.7039723
269 3.6988552
269 3.704878
269 3.6996505
269 3.7001083
269 3.6949632
270 3.6954465
270 3.6900983
270 3.6907697
270 3.6854835
270 3.6914175
270 3.686327
269 3.7033176
269 3.6985896
270 3.698577
270 3.6937268
270 3.6941042
270 3.689112
270 3.6894546
270 3.6847026
270 3.6903772
270 3.6850777
270 3.6914148
270 3.6860282
271 3.686452
271 3.6814644
271 3.6874347
271 3.682479
271 3.6828654
271 3.6781065
271 3.6732028
271 3.67307
271 3.668637
272 3.6688442
272 3.6641548
272 3.6646206
272 3.6597543
272 3.6601667
272 3.6553578
273 3.6557171
273 3.6511583
273 3.6513681
273 3.646827
273 3.6470995
273 3.6423073
274 3.6428726
274 3.6381176
273 3.6593602
273 3.6545773
273 3.6602876
273 3.655516
272 3.6715689
272 3.666814
272 3.67246
272 3.6676023
272 3.6682417
272 3.6635911
272 3.6635334
272 3.6592603
272 3.654319
271 3.6754107
271 3.6706867
272 3.6710908
272 3.6663282
272 3.6667554
272 3.6621418
272 3.6625357
272 3.6579206
273 3.658058
273 3.6538882
271 3.6742284
271 3.6698086
272 3.670227
272 3.665396
271 3.6758385
271 3.671606
272 3.6718903
272 3.6672661
272 3.6726787
272 3.6681757
272 3.6686656
272 3.6638665
272 3.6694767
272 3.66467
272 3.6701005
272 3.6656892
272 3.6608145
272 3.6715138
272 3.6717396
272 3.6672573
272 3.6725893
272 3.6682441
272 3.668219
272 3.6639261
272 3.6594086
272 3.6696613
272 3.665184
272 3.6655414
272 3.661098
272 3.6615133
272 3.6569602
272 3.667141
272 3.6628964
271 3.677744
271 3.6732287
271 3.6787605
271 3.6743083
271 3.6743472
271 3.6698582
272 3.6704533
272 3.6659267
272 3.6665425
272 3.662173
272 3.6624212
272 3.6581903
273 3.6581438
273 3.6541915
273 3.6544306
273 3.6500194
273 3.6552575
273 3.6510825
273 3.6558535
273 3.651653
273 3.652068
273 3.6477778
274 3.648404
274 3.6438167
274 3.6444461
274 3.6401677
274 3.640352
273 3.6551673
273 3.6507022
273 3.6510448
273 3.6468015
273 3.6518648
273 3.6475961
273 3.652681
273 3.6484215
273 3.6487985
273 3.6447237
273 3.6589692
273 3.654739
273 3.655175
273 3.650942
273 3.6559417
273 3.651667
273 3.656875
273 3.6527102
273 3.6529257
273 3.648691
273 3.6536758
273 3.6495173
273 3.6498702
273 3.6457255
274 3.646082
274 3.6420848
274 3.6423614
274 3.638194
274 3.6386077
274 3.6390035
274 3.6396308
274 3.63527
274 3.6357348
274 3.6315706
274 3.6365452
274 3.632439
275 3.6327727
274 3.6333528
274 3.6290832
275 3.6295183
275 3.6254103
275 3.6260118
275 3.6217864
275 3.6221952
275 3.6180978
275 3.6322381
275 3.6279268
275 3.628343
275 3.6243703
275 3.624741
275 3.6207166
274 3.6344848
274 3.63041
275 3.6308692
275 3.626791
275 3.6317196
275 3.6276338
275 3.6280296
275 3.624037
275 3.6244998
275 3.6204243
275 3.6342652
275 3.6301553
275 3.630514
275 3.626513
274 3.6357098
274 3.631712
273 3.649619
273 3.6456146
274 3.6460652
274 3.6421213
274 3.6423366
274 3.638342
274 3.6345773
274 3.6434224
274 3.6398184
273 3.648686
273 3.644785
273 3.6494455
273 3.6455677
273 3.6502647
273 3.6462688
273 3.651175
273 3.647014
273 3.6475966
273 3.6435735
273 3.6481643
273 3.6442585
273 3.6532102
273 3.6493542
273 3.6539972
273 3.6500397
273 3.650599
273 3.6465912
273 3.6511552
273 3.6473105
273 3.6478393
273 3.6438363
273 3.6484764
273 3.644389
273 3.6535966
273 3.6495118
272 3.662556
272 3.6587315
273 3.659106
273 3.655063
272 3.672397
272 3.6685324
272 3.6688948
272 3.664996
272 3.665346
272 3.6615202
273 3.6621022
273 3.6579828
272 3.6666472
272 3.6630037
272 3.6674156
272 3.6638093
272 3.6599216
272 3.6600916
272 3.6564581
272 3.6609302
272 3.6571069
272 3.6657526
272 3.6619322
272 3.6622953
272 3.6585617
272 3.6630037
272 3.659262
272 3.6637392
272 3.6598396
273 3.6602771
273 3.656509
273 3.6570234
273 3.6532807
272 3.6659281
272 3.66202
272 3.6623783
272 3.65869
273 3.6588728
273 3.655255
272 3.6637897
272 3.6598485
272 3.6684647
272 3.6687992
272 3.6650124
272 3.665571
272 3.6617804
272 3.6622086
272 3.6584287
270 3.6948926
270 3.6911905
270 3.6953554
270 3.6916015
270 3.7000926
270 3.6964002
270 3.7006905
270 3.6969903
270 3.701301
270 3.6975925
269 3.70185
269 3.6981485
269 3.702397
269 3.6989512
270 3.6990733
270 3.6954331
270 3.6996822
270 3.6959755
269 3.7121835
269 3.7085593
268 3.7165656
268 3.7129443
269 3.7132258
269 3.7095711
268 3.7254817
268 3.721866
268 3.7260911
268 3.72254
268 3.7266254
268 3.722921
268 3.7195282
268 3.723388
268 3.722788
268 3.7201428
268 3.7165058
268 3.720858
268 3.7171266
268 3.7173426
268 3.7137656
269 3.714013
269 3.710604
269 3.7107968
269 3.7072253
268 3.722848
268 3.719272
268 3.7194982
268 3.716075
267 3.743209
267 3.739484
267 3.7397044
267 3.7361615
267 3.744003
267 3.7406197
267 3.7445195
267 3.7410138
266 3.7488072
266 3.7452755
266 3.7492695
266 3.745886
266 3.7421832
266 3.7500234
266 3.7464793
266 3.7504673
266 3.746986
266 3.747055
266 3.7436256
265 3.7589033
265 3.7555263
Start time: 17/12/2018 01:10:19.979
End time: 17/12/2018 01:14:46.049
Duration: 266070 milliseconds (266.07 seconds)
Average latency: 266 milliseconds
Reads average latency: 12 milliseconds
Writes average latency: 515 milliseconds
Average throughput: 3.7584093 operations per second
Number of requests: 1000
Number of reads: 496
Number of writes: 504
Number of timeouts: 0
Percentage of writes: 50%
Number of replicas: 8
