0 3.7313433
0 1.9569472
356 2.6595745
356 1.8761727
356 1.5936255
356 1.320132
439 2.2637239
261 3.477397
284 3.4965034
214 4.3737574
214 3.98118
241 3.98142
241 3.6742191
261 3.7079291
261 3.4611287
285 3.4860559
270 3.5285816
270 3.3215237
291 3.3655868
291 3.191065
307 3.2215273
307 3.0886626
307 2.95344
309 3.127572
309 3.0317535
306 3.2263021
306 3.1083481
306 2.9923055
320 3.0112236
320 2.9317696
319 3.089996
319 2.997752
329 2.9925783
321 3.0537937
321 2.966682
330 2.996338
330 2.9123073
306 3.2556186
297 3.2770097
304 3.276735
296 3.3157792
296 3.2337835
295 3.3444817
295 3.2682705
301 3.2839265
301 3.215434
307 3.2334921
307 3.1658752
307 3.095471
315 3.1090562
315 3.056187
317 3.1429667
317 3.0929391
317 3.0341153
319 3.1225038
319 3.0712092
322 3.0825276
322 3.0319736
328 3.0448608
321 3.0656447
321 3.0142193
326 3.0271802
326 2.981666
318 3.124219
318 3.0748417
323 3.087167
317 3.101885
317 3.0557678
310 3.187297
310 3.1407037
313 3.1529756
313 3.106624
317 3.1229453
317 3.0782523
317 3.146499
317 3.1029768
320 3.1139715
320 3.0766075
320 3.0362837
314 3.1463816
314 3.1091151
318 3.1199727
318 3.082406
318 3.1398668
318 3.1057363
318 3.0656326
321 3.0801764
321 3.0437944
324 3.0545325
324 3.0206113
318 3.1190968
318 3.0849447
321 3.0950437
321 3.062266
320 3.1118586
320 3.0826912
319 3.1323414
319 3.1002693
319 3.0687232
322 3.0726259
322 3.0466092
317 3.1352875
317 3.106434
319 3.1141868
319 3.0826612
322 3.0936391
322 3.0634737
324 3.0737326
324 3.044196
323 3.0891118
323 3.061298
323 3.0320325
322 3.0789921
322 3.0520961
324 3.0604439
324 3.0332277
323 3.0754511
323 3.0497103
319 3.1234257
319 3.0995867
322 3.1043591
322 3.0805533
322 3.0554202
324 3.0628364
324 3.0397081
326 3.0463617
326 3.022099
325 3.0620215
325 3.0383828
308 3.2291796
308 3.2046392
307 3.2413437
307 3.2168841
306 3.2526631
306 3.228195
308 3.2341526
308 3.2111163
310 3.216459
310 3.1938767
310 3.170432
312 3.1766741
312 3.1548407
314 3.1596901
314 3.1376686
314 3.171189
314 3.1493046
313 3.182461
313 3.1609662
314 3.166765
314 3.1454923
316 3.1511493
316 3.1312492
316 3.1611671
316 3.1427755
317 3.1466818
315 3.1537654
316 3.1536114
316 3.138287
316 3.1182418
318 3.1247659
318 3.104433
320 3.1100361
320 3.0911143
322 3.09673
322 3.076774
321 3.10776
321 3.0894504
322 3.094354
322 3.076486
322 3.0586078
322 3.0846167
322 3.0685544
321 3.097836
321 3.0802474
318 3.1302123
318 3.1134243
315 3.1633413
315 3.1456432
316 3.1497822
316 3.1324284
318 3.1368737
318 3.120742
319 3.1247952
319 3.108493
321 3.1096811
321 3.0963745
321 3.0798185
322 3.0843189
322 3.0680687
324 3.0722613
324 3.0565035
323 3.0828838
323 3.0670397
323 3.091891
323 3.0762289
324 3.0764842
322 3.0861692
322 3.0698388
322 3.0946066
322 3.0792608
321 3.1035511
321 3.0883138
318 3.1322026
318 3.1169746
320 3.1186652
320 3.1063738
320 3.091429
321 3.0952015
321 3.0801606
322 3.0843632
322 3.0702753
323 3.0746596
323 3.0607455
319 3.1207952
319 3.1066298
320 3.1104198
320 3.0961463
320 3.1185794
320 3.1049094
316 3.1624289
316 3.1490932
315 3.1703715
315 3.1565542
316 3.1606014
314 3.164276
314 3.1498291
315 3.1534626
315 3.13969
316 3.1431715
316 3.1302168
316 3.1507514
316 3.1376605
316 3.1579309
316 3.145084
312 3.1995645
309 3.2202845
309 3.2061558
310 3.2089515
310 3.1952622
309 3.2147913
309 3.2026284
311 3.2059226
311 3.1928902
312 3.1950452
308 3.2325475
309 3.2335114
309 3.222098
309 3.2091079
310 3.211768
310 3.198823
307 3.2501674
307 3.2378895
307 3.2404919
307 3.2274826
308 3.2313218
308 3.2186997
309 3.2205367
309 3.2086556
310 3.2116113
310 3.1992617
311 3.202476
311 3.1902552
312 3.1931393
312 3.1815772
309 3.2300913
309 3.2179484
310 3.2202501
310 3.2082849
311 3.2106545
311 3.1995258
311 3.187204
312 3.1899567
312 3.1787887
313 3.1817386
313 3.1702175
312 3.1878514
312 3.176253
311 3.208033
311 3.1965826
312 3.1994514
312 3.1885214
313 3.1908104
313 3.1795828
311 3.209776
311 3.1999102
311 3.188633
310 3.2045922
310 3.1939564
311 3.1967452
311 3.185504
306 3.257105
306 3.2459972
307 3.2485702
307 3.2374346
306 3.2541492
306 3.2424984
305 3.2725952
305 3.2610884
305 3.2635155
305 3.252683
305 3.268408
305 3.2580194
305 3.2737978
305 3.2624283
306 3.26506
305 3.266821
305 3.2571592
305 3.2591054
305 3.248476
298 3.3418062
298 3.3306756
293 3.3968697
293 3.385846
288 3.464836
288 3.4534419
288 3.4551713
288 3.4440563
287 3.4713924
287 3.4605112
288 3.4624567
288 3.4507673
289 3.4528584
289 3.4422555
290 3.442914
290 3.4327476
290 3.422683
290 3.4367204
290 3.4263277
288 3.4644558
288 3.454043
288 3.4556506
288 3.4441233
287 3.4709294
287 3.4605806
288 3.462108
288 3.4518878
288 3.4656286
288 3.455458
289 3.4566562
289 3.4468563
289 3.448195
289 3.438154
288 3.462507
286 3.4765825
286 3.4661443
287 3.4676468
287 3.4576552
288 3.459293
288 3.4496195
289 3.4509552
289 3.441125
288 3.4653971
288 3.4556208
287 3.4797149
287 3.4699924
285 3.5047908
285 3.495289
285 3.4966989
285 3.4870377
284 3.5106819
284 3.5012686
285 3.502298
285 3.4924588
286 3.494198
286 3.4847026
286 3.4863007
285 3.4870923
286 3.4880688
281 3.5444462
281 3.5349824
282 3.5359306
282 3.5264266
282 3.5384185
282 3.5287702
281 3.5411823
281 3.531464
281 3.5436163
281 3.5339053
280 3.5561652
280 3.5468457
280 3.558532
280 3.549218
281 3.5503948
281 3.541261
279 3.573098
279 3.5641758
279 3.5757837
279 3.5668633
280 3.567573
280 3.5584998
280 3.5595198
280 3.5505133
281 3.5507534
281 3.5426795
281 3.5336404
282 3.5348895
282 3.525951
282 3.5372972
282 3.527867
282 3.5298588
282 3.5207756
283 3.5218976
283 3.5130897
283 3.524578
283 3.5154593
281 3.5465534
281 3.5379097
281 3.5484283
281 3.5402732
281 3.5409799
281 3.5324342
279 3.57233
279 3.5640957
277 3.6033773
277 3.5947304
277 3.6054225
277 3.5966394
276 3.6072412
276 3.5986674
277 3.5995886
277 3.590869
274 3.6396036
274 3.6310685
275 3.6315958
275 3.6231542
275 3.6236644
275 3.6153831
275 3.6071732
276 3.6082907
276 3.5996315
276 3.6097064
276 3.601652
276 3.6115756
276 3.6032882
276 3.6041007
276 3.5959015
277 3.5968919
277 3.5881562
277 3.5989249
277 3.59055
277 3.5916739
277 3.5833538
278 3.583841
278 3.57648
279 3.5769815
279 3.5693789
279 3.5701184
279 3.562023
279 3.572033
279 3.5640643
280 3.564588
280 3.5573647
281 3.5572424
279 3.5678732
279 3.559939
278 3.5873415
278 3.57943
278 3.5889869
278 3.5816681
275 3.6257086
275 3.6178446
276 3.618703
276 3.6107008
276 3.612038
276 3.603898
275 3.6304338
275 3.6230643
275 3.6222906
275 3.616174
275 3.607835
276 3.6089435
276 3.6013286
277 3.602202
277 3.5942087
277 3.5953958
277 3.5878735
277 3.5970922
277 3.5896277
278 3.5904543
278 3.582945
277 3.6004124
277 3.5930033
276 3.6104372
276 3.6029782
277 3.6034698
277 3.596323
277 3.605335
277 3.5983312
277 3.6065655
277 3.5999706
277 3.6085498
277 3.6011868
277 3.600944
277 3.5950253
277 3.587502
276 3.6044607
276 3.597238
276 3.6064258
276 3.5984771
276 3.6075382
276 3.6006548
276 3.6171265
276 3.6099935
276 3.6106813
276 3.6035607
277 3.6043441
277 3.5972075
277 3.5980287
277 3.5909324
277 3.5996895
277 3.5928144
278 3.593273
278 3.5866046
278 3.5793765
278 3.5880153
278 3.5810623
277 3.5973728
277 3.5900128
277 3.5908306
277 3.5842018
277 3.5926764
277 3.5858498
278 3.5866416
278 3.579852
278 3.5803797
278 3.573411
279 3.5748167
279 3.5680737
278 3.583796
278 3.5770075
279 3.5778313
279 3.5711331
277 3.5941532
277 3.5875583
278 3.588678
278 3.581742
277 3.6049187
277 3.5979514
277 3.6060903
277 3.5995731
276 3.6078396
276 3.6010773
274 3.6460059
274 3.639358
274 3.647305
274 3.6405988
272 3.6705835
272 3.6638324
271 3.686327
271 3.6797056
271 3.6799395
271 3.67354
271 3.6669514
271 3.674772
271 3.668072
272 3.6687217
272 3.6620831
271 3.6842973
271 3.6778913
271 3.6782033
271 3.6715953
271 3.6721535
271 3.6659184
272 3.6665885
272 3.6597624
272 3.660415
272 3.6540375
273 3.654312
273 3.6481216
272 3.6627464
272 3.656589
273 3.6572917
273 3.6506796
273 3.6578739
273 3.6518693
273 3.6523974
273 3.646169
272 3.6744606
272 3.6682417
271 3.67533
271 3.6692574
271 3.67642
271 3.6703918
272 3.6707299
272 3.664932
272 3.6584036
271 3.6725378
271 3.6662927
272 3.666834
272 3.660769
272 3.6677382
272 3.661791
272 3.6691804
272 3.6629298
272 3.663447
272 3.6575952
273 3.658022
273 3.651881
273 3.652413
273 3.6466422
273 3.653351
273 3.6474285
273 3.6483278
273 3.6421187
272 3.6690817
272 3.663342
272 3.6698818
272 3.6641603
272 3.664736
272 3.6586323
273 3.6590714
273 3.6533084
273 3.6476107
273 3.6541517
273 3.6483772
273 3.6491847
273 3.6432943
273 3.6500838
273 3.6444468
274 3.6448085
274 3.6392446
273 3.658858
273 3.6528919
272 3.6665258
272 3.6604018
271 3.6740508
271 3.667887
271 3.6750658
271 3.6690598
271 3.6758635
271 3.670225
272 3.6705377
272 3.6648092
272 3.665245
272 3.659727
272 3.6663668
272 3.6606576
271 3.6798816
271 3.6741464
271 3.6746554
271 3.6689234
272 3.6695077
272 3.6638238
272 3.6703289
272 3.6645708
272 3.6653397
272 3.6596978
272 3.6663725
272 3.6607237
272 3.667444
272 3.661586
273 3.662105
273 3.6566992
273 3.6567767
272 3.6579707
272 3.652194
273 3.652501
273 3.64684
272 3.6597354
272 3.6542132
273 3.6548028
273 3.6493042
273 3.6497452
273 3.6445343
274 3.644784
274 3.6393776
274 3.6398962
274 3.6344695
274 3.6409507
274 3.6355605
274 3.6361036
274 3.6306496
275 3.6311984
275 3.625876
275 3.6261296
275 3.6210232
276 3.6216257
276 3.6160712
276 3.6109378
275 3.623231
275 3.6179535
275 3.6181955
275 3.6134064
274 3.637193
274 3.6318834
274 3.6322083
274 3.6269007
274 3.6392176
274 3.633957
274 3.646102
274 3.6408045
274 3.6413448
274 3.6360695
274 3.636615
274 3.6314247
274 3.637471
274 3.6323574
274 3.6446364
274 3.6392353
274 3.645381
274 3.6402225
274 3.6407974
274 3.6353912
274 3.6360538
274 3.6309378
275 3.6316047
275 3.6265705
275 3.6322556
275 3.6273377
275 3.6335776
275 3.6284266
275 3.6289485
275 3.6294281
274 3.6243453
275 3.6249516
275 3.6196468
275 3.620561
275 3.6153371
276 3.6159122
276 3.6108103
276 3.61139
276 3.6063683
276 3.612505
276 3.6072764
275 3.6246076
275 3.619416
275 3.6199396
275 3.6149476
275 3.6265478
275 3.6219177
274 3.638433
274 3.633463
274 3.6339033
274 3.6292102
275 3.6296356
275 3.624744
275 3.6307194
275 3.6257215
275 3.6263063
275 3.6213083
275 3.622015
275 3.617036
276 3.617279
276 3.612631
276 3.618481
276 3.6138053
276 3.608987
276 3.6089501
276 3.6045947
276 3.6157687
276 3.610935
276 3.6114717
276 3.6066759
276 3.6124637
276 3.6077178
276 3.6081412
276 3.6036415
277 3.6039171
277 3.599435
277 3.5997727
277 3.5950427
277 3.6009176
277 3.5962172
277 3.6070466
277 3.6023319
277 3.6028886
277 3.5981915
277 3.6039038
277 3.5992365
277 3.6049702
277 3.6002014
277 3.6061056
277 3.6015337
277 3.6067321
277 3.6025248
277 3.5976412
277 3.6033812
277 3.5987499
277 3.5992463
277 3.5945952
277 3.5950959
277 3.5905726
277 3.6065857
277 3.601912
277 3.6024559
277 3.5977263
277 3.5982375
277 3.593708
277 3.5942228
277 3.5894918
278 3.5899198
278 3.585786
278 3.5861819
278 3.5816655
278 3.592218
278 3.5878134
277 3.603459
277 3.5987449
276 3.619452
276 3.6147108
276 3.6202033
276 3.6158519
276 3.6110435
276 3.6168253
276 3.6171217
276 3.612706
276 3.6181064
276 3.6138256
276 3.6138742
276 3.609645
276 3.6051943
276 3.6056626
276 3.6012635
277 3.6017
277 3.5973341
276 3.6125326
276 3.6080403
276 3.608502
276 3.6043253
276 3.609492
276 3.6050608
276 3.6155367
276 3.611161
276 3.6161363
276 3.6117187
275 3.626908
275 3.6224349
275 3.6231008
275 3.6185908
275 3.628706
275 3.6245313
275 3.6293366
275 3.6254153
274 3.6352825
274 3.6308942
274 3.636155
274 3.631811
274 3.6369884
274 3.6326191
274 3.647341
274 3.6430566
274 3.6484387
273 3.6535313
273 3.6537514
273 3.6494796
273 3.649842
273 3.645757
273 3.6413035
274 3.641657
274 3.6374245
272 3.6659992
272 3.661714
272 3.6667821
272 3.662506
272 3.6675446
272 3.6634488
271 3.6730044
271 3.6687582
272 3.669178
272 3.6649287
272 3.669912
272 3.665621
271 3.6754482
271 3.6712623
272 3.6714556
272 3.6671991
272 3.6675491
272 3.663375
272 3.6637115
272 3.6595514
273 3.6598916
273 3.6558793
273 3.6561396
273 3.6519566
273 3.6523545
273 3.6481686
273 3.657908
273 3.6535254
273 3.6539695
273 3.6497843
273 3.6547387
273 3.6551464
273 3.6554542
273 3.6560094
273 3.6517131
273 3.6566372
273 3.6524985
273 3.6530707
273 3.648814
273 3.649192
273 3.645064
273 3.6502078
273 3.6458752
274 3.6462712
274 3.642279
274 3.6426294
274 3.638585
273 3.6523333
273 3.6482384
273 3.648678
273 3.6445801
274 3.645055
274 3.640954
274 3.641335
274 3.637328
274 3.6377764
274 3.6336856
274 3.647513
274 3.643388
273 3.648127
273 3.6441069
274 3.644513
274 3.6405056
273 3.649651
273 3.6456466
274 3.6460972
274 3.642153
274 3.6423683
274 3.638548
274 3.6346087
274 3.6434538
274 3.6398501
274 3.640051
274 3.636159
274 3.6365051
274 3.632641
273 3.6546113
273 3.6506102
273 3.6512065
273 3.6470451
273 3.6562207
273 3.652188
273 3.6524825
273 3.6485722
272 3.666075
272 3.6622055
271 3.6753721
271 3.6713912
271 3.6761887
271 3.672153
271 3.6809397
271 3.6770637
271 3.6775622
271 3.6735265
270 3.6908333
270 3.6866982
269 3.7085376
269 3.7043912
269 3.7047338
269 3.7008657
270 3.7011957
270 3.6971061
269 3.7060044
269 3.7021043
269 3.7108083
269 3.7068646
268 3.7280684
268 3.724177
268 3.7288685
267 3.733069
267 3.73768
267 3.733779
267 3.7299328
267 3.7383566
267 3.7345448
266 3.7431006
266 3.7392147
267 3.7394686
267 3.7355633
267 3.7358823
267 3.7319887
267 3.736395
267 3.7325857
267 3.7328448
267 3.7290318
267 3.7334383
267 3.7294645
267 3.738012
267 3.7341635
267 3.738684
267 3.7348576
267 3.7352037
267 3.7312217
267 3.7315102
267 3.7277522
267 3.7359748
267 3.7322807
267 3.7326424
267 3.7286272
267 3.7331524
267 3.7374427
267 3.7336
267 3.738107
267 3.734241
267 3.7345982
267 3.730744
266 3.7430644
266 3.739314
267 3.7394853
267 3.7359402
267 3.7400806
267 3.7363482
267 3.7405987
267 3.7368581
267 3.7371497
267 3.7334054
267 3.7336552
267 3.7299218
267 3.7301748
267 3.7267032
268 3.7267964
268 3.7231288
268 3.7273507
268 3.7236161
268 3.724035
268 3.7203991
268 3.7244606
268 3.7208316
268 3.7211056
268 3.7174428
267 3.733346
267 3.7297077
267 3.7339401
267 3.7302358
268 3.730586
268 3.7268486
268 3.7234519
267 3.7352343
267 3.7344754
266 3.7473543
266 3.743691
266 3.7441425
266 3.7403877
267 3.740581
267 3.7369812
266 3.7487886
266 3.7453473
266 3.753213
266 3.749601
266 3.749798
266 3.746196
266 3.7463965
266 3.7429485
267 3.7432377
267 3.7395124
267 3.739733
267 3.7361898
267 3.7402153
267 3.7368352
266 3.748357
266 3.7448483
266 3.7488353
266 3.745304
266 3.7455032
266 3.7421234
266 3.7384238
267 3.7386997
267 3.735166
267 3.7353878
267 3.7319207
267 3.7320042
267 3.728589
267 3.7363555
267 3.7329984
267 3.7368927
267 3.7333732
267 3.7374282
267 3.7337048
267 3.7342753
267 3.7306879
267 3.7309394
267 3.7274592
268 3.7276852
268 3.7242146
Start time: 17/12/2018 01:10:19.981
End time: 17/12/2018 01:14:48.603
Duration: 268622 milliseconds (268.622 seconds)
Average latency: 268 milliseconds
Reads average latency: 13 milliseconds
Writes average latency: 514 milliseconds
Average throughput: 3.7227032 operations per second
Number of requests: 1000
Number of reads: 491
Number of writes: 509
Number of timeouts: 0
Percentage of writes: 50%
Number of replicas: 8
