0 3.6764703
0 1.8761727
223 3.880983
223 2.9211297
223 2.3659306
223 1.9775873
384 2.2818027
384 1.9841269
453 2.1340163
453 1.9880714
453 1.8122507
364 2.660459
364 2.4570024
382 2.553916
325 2.927868
325 2.7247956
341 2.8195488
341 2.657219
340 2.9282577
302 3.1974418
310 3.2160425
296 3.269161
296 3.1282585
322 3.082914
308 3.1913195
307 3.218884
307 3.1088083
307 2.997003
325 3.0282176
325 2.9282577
335 2.9547791
335 2.8724866
335 2.7834928
347 2.8185554
347 2.7384756
345 2.873563
345 2.8083818
345 2.7285128
323 3.071882
323 2.9946098
332 3.0076647
323 3.0461686
323 2.969562
294 3.358446
294 3.2848012
298 3.3006167
298 3.226628
305 3.2478347
305 3.1818552
305 3.1192513
312 3.1338139
312 3.073613
319 3.0910735
319 3.0341153
318 3.1211438
318 3.070332
316 3.1543531
316 3.099387
316 3.04651
296 3.3313346
296 3.2771842
296 3.353108
296 3.3003302
301 3.3098106
301 3.2569284
300 3.3236644
300 3.2818186
300 3.232632
304 3.243932
304 3.1950703
289 3.4333315
289 3.3855035
287 3.4486535
287 3.404853
291 3.4098783
291 3.3670034
291 3.425902
291 3.3823605
291 3.3367035
295 3.343647
295 3.3058667
288 3.4608824
288 3.4203682
282 3.5212944
282 3.480224
285 3.4839969
285 3.4462159
288 3.451878
288 3.4148095
291 3.4200943
291 3.381791
291 3.4343345
287 3.4402683
290 3.444024
280 3.5359488
280 3.498105
282 3.501689
282 3.4685383
282 3.5133061
282 3.476107
285 3.4829414
285 3.4489517
288 3.4545665
288 3.4208403
276 3.6171186
276 3.5831478
275 3.6238651
275 3.5904648
275 3.6277022
275 3.5992146
272 3.6622148
272 3.6407766
272 3.6089587
270 3.6811106
270 3.6510308
272 3.6545424
272 3.621703
275 3.6251523
275 3.5944638
277 3.593173
277 3.5698938
277 3.5368092
280 3.5393057
280 3.514655
278 3.5807917
278 3.55454
277 3.5895336
277 3.5619433
275 3.6244233
273 3.6302106
270 3.6927397
270 3.665667
272 3.664544
272 3.6400526
270 3.6922169
270 3.6753898
270 3.6449525
267 3.7385886
267 3.710308
268 3.7137551
268 3.687211
268 3.716844
268 3.691998
266 3.7473974
264 3.75131
264 3.725007
263 3.778817
263 3.7543218
261 3.810239
261 3.7851527
262 3.7867754
262 3.761772
264 3.7631319
264 3.7389002
263 3.7921784
263 3.7675886
263 3.7949214
263 3.7714834
263 3.7472022
264 3.7728307
264 3.7488518
265 3.752623
265 3.7285974
260 3.8288012
260 3.8048615
260 3.82865
260 3.8081098
260 3.8308706
260 3.8093886
260 3.7875223
262 3.7879674
262 3.7657778
258 3.8609145
258 3.8370519
258 3.8607395
258 3.8396
259 3.840506
259 3.8197954
260 3.8420298
257 3.8650346
257 3.8449638
259 3.8449707
259 3.823632
260 3.8245902
260 3.8040073
262 3.8052242
262 3.784558
260 3.829461
260 3.8083954
262 3.8083615
262 3.7903378
262 3.811309
262 3.7914104
263 3.7927196
263 3.7737398
264 3.77397
264 3.7551253
264 3.7362416
265 3.757661
265 3.7388785
262 3.7998607
262 3.7810552
261 3.821606
261 3.802952
261 3.8225255
261 3.804791
261 3.8243134
257 3.8644185
258 3.861816
258 3.8472526
258 3.828368
260 3.8288882
260 3.8110616
260 3.8305585
260 3.8136697
258 3.8509247
258 3.8322647
259 3.833526
259 3.816794
259 3.8351784
259 3.8181062
260 3.8365934
260 3.820285
261 3.8204052
261 3.8034978
261 3.8211153
261 3.8050947
262 3.8061495
262 3.7894664
262 3.8077686
262 3.791026
263 3.7891183
263 3.7755277
263 3.7594626
259 3.8463502
259 3.8293402
260 3.8301895
260 3.8142285
261 3.814878
261 3.7988603
262 3.799758
262 3.7840607
263 3.7848866
263 3.770059
265 3.7673075
265 3.75567
265 3.7404666
266 3.7409098
266 3.7233787
266 3.7438204
266 3.7280142
262 3.808617
262 3.7941663
263 3.79426
263 3.7792656
264 3.7808957
264 3.7663612
265 3.7655156
265 3.7520266
265 3.7381742
265 3.7539837
265 3.7397158
266 3.7400227
266 3.726426
264 3.7726738
264 3.759116
262 3.8042178
262 3.7902527
263 3.7910323
263 3.776323
264 3.7776499
264 3.764263
265 3.7647955
265 3.7509487
263 3.7947078
262 3.7967715
263 3.7951484
261 3.8126755
261 3.7984662
261 3.813523
261 3.7997382
262 3.800556
262 3.7872365
262 3.8023882
262 3.78857
263 3.789362
263 3.7761614
264 3.776886
264 3.7638724
265 3.7641673
265 3.752216
266 3.7526536
266 3.739134
267 3.7407842
267 3.727449
267 3.742535
267 3.7293339
267 3.7307425
267 3.7183175
265 3.7588472
264 3.7732842
264 3.7729354
264 3.7609365
264 3.7498028
265 3.7498853
265 3.7381222
266 3.7391214
266 3.7265952
267 3.7267563
267 3.7158895
268 3.7162771
268 3.704226
268 3.7187073
268 3.706298
269 3.7071834
269 3.6955476
270 3.6965544
270 3.6844685
270 3.6854575
270 3.6737602
269 3.700289
269 3.6887994
270 3.689717
270 3.6781497
271 3.6798642
271 3.6679018
267 3.742341
267 3.7310247
267 3.7315245
267 3.7204456
267 3.7093422
268 3.7099943
268 3.6995664
269 3.699447
269 3.6888475
267 3.737428
267 3.726428
267 3.7389812
267 3.7280416
263 3.7876115
263 3.776816
264 3.7771592
264 3.7655783
262 3.8128893
262 3.8021932
258 3.8606915
258 3.8493454
259 3.8499994
259 3.8393216
260 3.8390784
260 3.8282747
260 3.8174443
261 3.8180912
261 3.8073072
261 3.8185995
261 3.8082187
260 3.831203
260 3.8206742
254 3.932096
254 3.9216557
254 3.9216123
254 3.9112995
255 3.9111562
255 3.9003704
255 3.9117715
255 3.9004033
255 3.9124653
255 3.9020467
256 3.9016356
256 3.891555
256 3.890715
256 3.881178
256 3.8705666
255 3.9134758
255 3.9029176
254 3.9143107
254 3.9038465
255 3.9040184
255 3.8938837
254 3.925985
254 3.9152296
253 3.937008
253 3.926319
251 3.9680061
251 3.9577427
252 3.9578931
252 3.9476676
253 3.9478025
253 3.937534
253 3.9381382
253 3.9278262
254 3.9274492
254 3.9179769
253 3.9384465
253 3.9284775
253 3.9487371
253 3.939229
252 3.9592419
252 3.9491622
253 3.949052
253 3.9400318
253 3.9294488
250 3.98952
250 3.9791343
250 3.9894538
250 3.9795508
251 3.977217
251 3.9703157
251 3.9603767
251 3.9603188
251 3.9507616
252 3.9606652
252 3.950885
251 3.9704008
251 3.9607587
252 3.9610052
252 3.9513562
249 3.9994643
249 3.9899201
250 3.9899063
250 3.9803925
250 3.9898028
250 3.9808238
251 3.9806063
251 3.970905
251 3.9713461
251 3.9615273
251 3.9713688
251 3.9714725
251 3.962201
251 3.9716418
251 3.9623759
251 3.9624994
251 3.953334
251 3.9627082
251 3.9534395
252 3.9632418
252 3.9534352
249 3.9994533
249 3.9903288
249 4.0083795
249 3.999819
249 3.999314
249 3.9908473
250 3.9904733
250 3.98142
250 3.9726923
251 3.972576
251 3.963765
251 3.9638455
251 3.9549878
250 3.9819837
250 3.9734046
250 3.9817123
250 3.9735217
249 3.999158
249 3.9907582
250 3.9907436
250 3.9819117
250 3.9824357
250 3.973832
250 3.9821324
250 3.9736016
251 3.9734871
251 3.9653869
251 3.9737372
251 3.9650936
252 3.9656765
252 3.9571874
252 3.956908
252 3.9486086
252 3.9652615
251 3.9660728
251 3.9571714
252 3.9576614
252 3.9491153
251 3.9660246
251 3.9573972
252 3.9574533
252 3.949572
252 3.9491515
252 3.9416142
249 3.9998677
249 3.9912407
249 4.0078177
249 3.999144
249 3.999376
249 3.9916072
250 3.9896336
250 3.9832182
250 3.975042
251 3.9750926
251 3.9669986
251 3.9755154
251 3.967196
251 3.9671662
251 3.9593444
251 3.9673297
251 3.9593804
249 4.0075192
248 4.015519
249 4.015456
248 4.015298
248 4.007682
249 4.007445
249 3.9995258
247 4.031113
247 4.02321
247 4.030547
247 4.023119
248 4.0226016
248 4.0152173
248 4.014843
248 4.007345
249 4.006958
249 3.9999068
249 4.00721
249 3.9995673
249 3.999476
249 3.991847
250 3.991832
250 3.9841857
250 3.984216
250 3.9766133
251 3.9767184
251 3.9690382
251 3.9691572
251 3.9616408
252 3.9616535
252 3.954508
252 3.9542658
252 3.9471905
252 3.939726
252 3.954582
252 3.9472501
252 3.9472604
252 3.9400282
253 3.9398174
253 3.9326553
253 3.9331875
253 3.9256563
253 3.940436
253 3.9332378
254 3.933274
254 3.9263752
253 3.9481394
253 3.9412973
252 3.9630406
252 3.9558518
252 3.955702
252 3.9559832
252 3.9487317
252 3.9485962
252 3.9417546
250 3.9850974
250 3.977902
250 3.9923599
250 3.9852917
249 3.9995992
249 3.99203
249 4.0070157
249 3.9996014
249 4.006649
249 3.999518
249 4.0065975
249 3.999491
249 4.0135713
249 4.0068445
249 4.0136366
249 4.0065956
249 4.013645
249 4.0065446
248 4.0204372
248 4.013518
248 4.020422
248 4.020722
248 4.013392
248 4.0125356
248 4.00641
248 4.0132947
248 4.0064983
249 4.006405
249 3.9995885
248 4.013314
248 4.0064816
248 4.0197644
248 4.0132456
247 4.0335197
247 4.0267544
248 4.0266
248 4.0201416
247 4.033402
247 4.0266285
247 4.033154
247 4.0267825
247 4.03978
247 4.0330415
247 4.0326624
246 4.0530434
246 4.046316
246 4.046239
246 4.0391965
246 4.046032
246 4.0393605
246 4.052544
246 4.0455904
245 4.071817
245 4.065388
245 4.0653076
245 4.058883
245 4.0650673
245 4.0583987
246 4.058357
246 4.051642
245 4.0646706
245 4.0579934
246 4.057978
246 4.051439
243 4.102756
243 4.096325
243 4.102663
243 4.0959625
244 4.096098
244 4.08935
244 4.089129
244 4.0826497
244 4.0824656
244 4.07594
245 4.0759745
244 4.075776
245 4.0754757
243 4.0948586
243 4.088287
243 4.094198
243 4.0877514
244 4.0875874
244 4.081171
244 4.081121
244 4.07476
244 4.0808163
244 4.074451
244 4.0930753
244 4.0866847
244 4.0864997
244 4.08019
244 4.086257
244 4.079917
244 4.080096
244 4.073558
244 4.0796485
244 4.073357
245 4.079329
245 4.0731325
244 4.0913424
244 4.085047
244 4.0910892
244 4.0848627
244 4.0847588
244 4.0788083
245 4.078343
245 4.072494
245 4.0662932
245 4.072005
245 4.065824
242 4.125869
242 4.119749
242 4.119619
242 4.1134524
242 4.1132336
242 4.1070213
242 4.118783
242 4.1127524
242 4.1243978
242 4.1183033
241 4.135953
241 4.129982
242 4.1295457
242 4.123456
242 4.1292377
242 4.1231894
241 4.1344886
241 4.1286445
242 4.1278276
241 4.13431
241 4.1281056
240 4.145458
240 4.1392803
240 4.1452284
240 4.138924
241 4.1387224
241 4.1327577
241 4.1384172
241 4.132088
240 4.149497
240 4.1435747
239 4.177609
239 4.17152
237 4.200236
237 4.1941075
238 4.194142
238 4.1879916
238 4.198856
238 4.193027
238 4.1984105
237 4.2097383
237 4.2037516
237 4.2091446
237 4.203081
237 4.213697
237 4.208356
237 4.213333
237 4.2077
236 4.2184625
236 4.2125783
237 4.2119985
237 4.2063985
237 4.20597
237 4.2004166
236 4.2221084
236 4.2163386
236 4.2215858
236 4.215436
237 4.2154408
237 4.2095494
237 4.2093067
237 4.203463
236 4.2306676
236 4.22488
236 4.224618
236 4.218762
237 4.2184625
237 4.2129993
237 4.2069077
237 4.2069926
237 4.2009945
237 4.200653
237 4.195273
238 4.194803
238 4.1891274
238 4.1886234
238 4.183174
238 4.1882505
238 4.182974
238 4.182683
238 4.1768894
238 4.181969
238 4.1763716
238 4.186852
238 4.1811733
239 4.1809545
239 4.175343
238 4.18597
238 4.180455
239 4.1800165
239 4.174503
237 4.205971
237 4.200393
237 4.200173
237 4.1945953
237 4.2049313
237 4.199318
238 4.199387
238 4.193663
238 4.188372
238 4.1878195
238 4.182615
238 4.192566
238 4.1870856
238 4.1871257
238 4.1814704
238 4.1811705
238 4.176036
239 4.175657
239 4.169961
239 4.1699996
239 4.1646695
239 4.174968
239 4.1695156
239 4.1793313
239 4.174252
238 4.189136
238 4.1887226
238 4.193804
238 4.1884975
238 4.198106
238 4.193085
238 4.1926694
238 4.1876473
238 4.182234
238 4.1816854
238 4.1766953
239 4.176472
239 4.170912
238 4.180981
238 4.1757855
239 4.1756067
239 4.1703467
239 4.170154
239 4.164727
239 4.164417
239 4.159447
240 4.159269
240 4.1541104
240 4.1538777
240 4.1485324
240 4.1435914
241 4.1433725
241 4.138245
241 4.1381764
241 4.133027
241 4.1427064
241 4.1376047
241 4.1423554
241 4.137226
241 4.1370378
241 4.131705
241 4.1318874
241 4.1268163
242 4.1266613
242 4.121629
242 4.1215415
242 4.116448
242 4.1162863
242 4.111331
242 4.106607
243 4.1060405
243 4.1011953
243 4.1012707
243 4.0963635
243 4.105668
243 4.1007476
243 4.105473
243 4.100486
243 4.1004047
243 4.0954747
243 4.0954
243 4.0904293
244 4.0953283
244 4.0902915
244 4.094907
244 4.0901155
244 4.0901446
244 4.0851183
244 4.0850177
244 4.0801835
245 4.080031
245 4.075272
245 4.070409
245 4.0703073
245 4.065768
245 4.070352
245 4.0654035
245 4.074743
245 4.0699525
245 4.0698705
245 4.0651546
245 4.0650973
245 4.060265
245 4.0695076
245 4.0648513
245 4.069346
245 4.0646634
245 4.064645
245 4.059753
246 4.0597777
246 4.055184
246 4.0642905
246 4.0595527
246 4.055124
246 4.059434
246 4.054979
246 4.05473
246 4.050141
246 4.0588093
246 4.0541716
245 4.0727434
245 4.0680995
245 4.0771513
245 4.072495
245 4.0724864
245 4.0678644
245 4.0676765
245 4.063291
245 4.0675607
245 4.062928
245 4.0676465
245 4.0628595
246 4.062752
246 4.058146
246 4.0583177
246 4.053599
245 4.066936
245 4.0625463
246 4.062476
246 4.0579557
246 4.0621734
245 4.062376
245 4.057581
246 4.057517
246 4.053045
246 4.0574255
246 4.0528736
245 4.066283
245 4.061839
246 4.0615735
246 4.0571084
245 4.0658293
245 4.061352
245 4.070156
245 4.065702
245 4.065737
245 4.0611362
246 4.0610695
246 4.0566087
246 4.056565
246 4.0520654
246 4.0515847
246 4.047084
246 4.0563183
246 4.0518565
246 4.0518184
246 4.0474415
246 4.043232
246 4.055996
246 4.051559
246 4.0560856
246 4.0514827
246 4.0514793
246 4.047293
246 4.0470333
246 4.0426693
246 4.046932
246 4.0426297
247 4.042584
247 4.038209
247 4.034102
247 4.033876
247 4.0295415
247 4.029527
247 4.0252237
248 4.025265
248 4.021163
248 4.020919
248 4.016677
248 4.0208406
248 4.016794
248 4.016624
248 4.0123873
248 4.0208035
248 4.016622
248 4.016757
248 4.012386
249 4.0123224
249 4.008285
249 4.0039034
249 4.0036817
249 3.9998496
249 3.9998999
249 3.9955955
250 3.9953673
250 3.9914262
250 3.9955597
250 3.991477
250 3.9912376
250 3.987482
249 4.0039253
249 3.9995368
249 3.9997354
249 3.9955916
250 3.9955797
250 3.9916787
250 3.9914246
250 3.9873884
250 3.9832783
250 3.9874632
250 3.9832964
250 3.9834929
250 3.9792895
250 3.9874656
250 3.9834297
250 3.9833815
250 3.9795847
250 3.9833343
250 3.9794
250 3.9915862
250 3.987587
250 3.987551
250 3.9835315
250 3.983516
250 3.9797337
250 3.9957218
250 3.9917905
250 3.9918952
250 3.9875424
250 3.987667
250 3.9836957
250 3.9837122
250 3.97988
251 3.97955
250 3.9877288
250 3.983809
250 3.9917133
250 3.9879088
Start time: 17/12/2018 02:05:23.427
End time: 17/12/2018 02:09:34.241
Duration: 250814 milliseconds (250.814 seconds)
Average latency: 250 milliseconds
Reads average latency: 13 milliseconds
Writes average latency: 517 milliseconds
Average throughput: 3.9870183 operations per second
Number of requests: 1000
Number of reads: 529
Number of writes: 471
Number of timeouts: 0
Percentage of writes: 50%
Number of replicas: 8
