0 3.6630037
0 1.908397
0 1.3227514
251 3.9643214
251 3.1520882
251 2.6578074
294 3.3860047
225 3.988036
232 4.2680326
195 4.790419
195 4.341534
173 5.651596
173 5.2019587
194 5.107832
194 4.789782
194 4.457652
214 4.4632373
214 4.2063313
226 4.391468
226 4.195804
239 4.161937
239 3.9949155
239 3.8227627
265 3.7313433
265 3.675883
269 3.6787245
254 3.8490007
254 3.7100458
265 3.7159374
265 3.5932925
275 3.6059241
275 3.4965034
275 3.3881898
287 3.4053547
287 3.3101246
265 3.7573214
265 3.672103
265 3.5673065
273 3.5827618
273 3.4933627
285 3.4924333
285 3.4269395
285 3.3404472
292 3.3581414
292 3.2845094
277 3.5608823
277 3.4843204
284 3.494758
284 3.4263337
284 3.358925
275 3.6067116
275 3.5343833
273 3.618545
273 3.5518723
278 3.5592358
278 3.4957552
284 3.504591
284 3.443526
284 3.3843238
289 3.4002268
289 3.3403196
281 3.545185
281 3.4882984
280 3.5593855
280 3.5033803
280 3.5653856
280 3.5202863
280 3.4675288
275 3.5912883
275 3.5394187
253 3.939667
253 3.8847885
254 3.8863652
254 3.8370082
252 3.944773
252 3.8908463
255 3.892868
255 3.8433945
255 3.791517
260 3.7926044
260 3.7497535
258 3.850653
258 3.8055782
260 3.8066235
260 3.7622273
260 3.8109403
260 3.7683823
264 3.7715273
264 3.729164
267 3.7308462
267 3.6890645
270 3.694849
270 3.6533997
273 3.6564624
270 3.6620786
270 3.6228867
264 3.7502577
264 3.7115588
259 3.8362138
259 3.7974176
256 3.8785768
256 3.8407273
259 3.842571
259 3.8065212
259 3.8454218
259 3.8093083
261 3.8120866
261 3.7754006
262 3.81078
259 3.8172102
257 3.8774996
255 3.892023
255 3.8578608
257 3.857754
257 3.8247566
260 3.8267944
260 3.7924085
262 3.7944236
262 3.762303
261 3.8259366
261 3.8011503
261 3.7686384
259 3.8354027
259 3.8059607
261 3.8070254
261 3.7760994
263 3.7778618
263 3.749297
263 3.7791955
263 3.753153
265 3.7536619
265 3.725692
266 3.7544303
260 3.819641
258 3.869329
253 3.9399016
253 3.9072754
254 3.912363
254 3.882769
256 3.8850482
256 3.8572807
253 3.9419963
253 3.9156456
255 3.9138398
255 3.8891187
255 3.8618498
255 3.887454
255 3.8632987
257 3.863801
257 3.8383625
259 3.8396356
259 3.8153877
260 3.8152978
260 3.790731
262 3.7920806
262 3.7674918
263 3.7948248
263 3.771388
263 3.747108
265 3.7481258
265 3.7258751
265 3.7515118
265 3.728506
265 3.7546325
265 3.7320666
265 3.7573159
265 3.7361689
267 3.736583
267 3.7146575
267 3.6933355
265 3.7411146
265 3.7192004
267 3.722113
267 3.6994486
269 3.702011
269 3.6813998
271 3.6831996
271 3.6624274
272 3.663249
269 3.6872501
269 3.668103
269 3.6910908
269 3.6706066
269 3.6941264
269 3.6742456
271 3.6761546
271 3.6570501
271 3.6795986
271 3.6602137
268 3.724904
268 3.7064958
269 3.707947
269 3.6877434
270 3.6895807
270 3.6711173
272 3.6719706
272 3.6535614
272 3.6351888
273 3.6370213
273 3.6188421
275 3.6207378
275 3.602819
275 3.6245446
275 3.606853
274 3.647784
264 3.7666976
265 3.7665875
265 3.7493513
265 3.7314148
264 3.767912
264 3.7524874
265 3.7533715
265 3.7358966
265 3.7557456
265 3.739187
266 3.7397711
266 3.7224045
267 3.7234042
267 3.7071533
268 3.7078774
268 3.6913724
268 3.7111769
268 3.6939409
269 3.6953728
269 3.679019
271 3.6802433
271 3.6641006
269 3.7008455
269 3.6852677
269 3.7033818
269 3.6870985
271 3.6857152
271 3.6725588
271 3.6568694
272 3.6590762
272 3.6428945
271 3.6782696
271 3.6629422
271 3.6809611
271 3.665506
272 3.6669543
272 3.6518059
273 3.6531785
273 3.6388671
274 3.6367195
274 3.6255448
274 3.6108682
276 3.6117964
276 3.5949285
274 3.6317675
274 3.6170688
275 3.6181288
275 3.604401
274 3.6367643
274 3.622393
268 3.718343
268 3.7040496
269 3.7034743
268 3.7217205
268 3.706723
268 3.70796
268 3.693867
269 3.6949747
269 3.6809258
270 3.682074
270 3.668842
271 3.6693678
271 3.6558979
270 3.68691
270 3.673149
267 3.7333255
267 3.7200956
268 3.720794
268 3.7071092
269 3.7074733
269 3.695277
269 3.708621
268 3.71191
268 3.6980765
269 3.6992073
269 3.685836
268 3.7154162
268 3.7023952
267 3.7319212
267 3.718359
265 3.7613435
265 3.748241
266 3.7490628
266 3.7361453
267 3.7365394
267 3.7246761
268 3.725211
268 3.7117906
267 3.7407331
267 3.7273984
267 3.7289739
267 3.716371
268 3.7173226
268 3.705438
269 3.7054808
269 3.693763
270 3.6934562
270 3.6817102
270 3.6708112
271 3.6716976
271 3.659461
272 3.6603794
272 3.649161
273 3.6495879
273 3.6379118
273 3.6519346
273 3.6400924
274 3.6419864
274 3.630296
274 3.6309624
274 3.6200242
274 3.6334276
274 3.6220038
274 3.6359987
274 3.6247282
274 3.6379492
274 3.6266534
274 3.6401455
274 3.6287339
274 3.6428976
274 3.6315453
274 3.6444576
274 3.6334374
275 3.6342862
275 3.623452
275 3.6126382
272 3.6622534
272 3.6509938
273 3.651995
273 3.641052
274 3.6421635
274 3.6316595
274 3.6329212
274 3.6218207
274 3.6351233
274 3.6238258
274 3.6367888
274 3.6261034
275 3.6271057
275 3.6166785
273 3.6525881
273 3.6418538
273 3.6545844
273 3.6444488
274 3.6447978
274 3.6345408
274 3.6242588
274 3.6367757
274 3.626504
272 3.6613119
272 3.650906
272 3.663127
272 3.65306
272 3.6651664
272 3.654987
273 3.656145
273 3.6456435
273 3.657717
273 3.6476302
273 3.6487553
273 3.638589
274 3.6396527
274 3.630277
274 3.641921
274 3.6316867
275 3.6319742
273 3.6446126
273 3.6350768
274 3.6358192
274 3.6263957
271 3.6802638
271 3.6704257
271 3.6712196
271 3.6616895
270 3.6943867
270 3.6842659
270 3.685671
270 3.6756644
270 3.6867704
270 3.6772344
271 3.6781087
271 3.668606
271 3.6797676
271 3.6701965
270 3.6919668
270 3.6822994
269 3.7033637
269 3.6940548
269 3.7049444
269 3.6955664
268 3.7164211
268 3.7074723
269 3.7079837
269 3.6985438
269 3.7091098
266 3.750474
266 3.7404003
265 3.7616374
265 3.751844
265 3.7622943
265 3.7529552
266 3.7513502
266 3.7448041
266 3.7357953
266 3.7460854
266 3.7366445
265 3.7567708
265 3.7478936
265 3.7674973
265 3.758348
265 3.7590733
265 3.749916
266 3.7506578
266 3.7417076
266 3.742287
266 3.7333639
264 3.771797
264 3.7633085
265 3.7636185
265 3.7546227
264 3.774506
262 3.793662
263 3.7937899
263 3.7849832
263 3.7761471
264 3.7767365
264 3.768274
264 3.768496
264 3.7597797
262 3.8063715
262 3.7974684
262 3.7984533
262 3.7894006
261 3.8175938
261 3.8085024
260 3.8360388
260 3.8278465
261 3.8277514
261 3.8196824
261 3.8290415
260 3.828944
260 3.8205504
260 3.8297076
260 3.8212135
259 3.8393857
259 3.8308063
259 3.8492167
259 3.840924
258 3.8675346
258 3.858832
258 3.8591413
258 3.850698
259 3.8509903
259 3.8424675
258 3.8693635
258 3.8610039
258 3.8609037
258 3.8526325
259 3.8527842
259 3.8449297
258 3.8621306
258 3.8537297
258 3.863083
258 3.8633418
258 3.8717804
258 3.8636596
258 3.8639157
258 3.8561065
258 3.8478415
259 3.847838
259 3.839852
259 3.84022
259 3.8319948
260 3.8328574
260 3.8246813
260 3.8334248
260 3.8254087
261 3.8259287
261 3.817677
261 3.818116
261 3.8101978
262 3.8104625
262 3.8030603
261 3.817917
261 3.811778
261 3.803954
261 3.8124812
261 3.8047183
261 3.8135488
261 3.8055687
262 3.8058686
262 3.7983649
262 3.8147097
262 3.807066
262 3.8075128
262 3.7999442
263 3.8006456
263 3.7926373
263 3.7854438
262 3.8014984
262 3.7939866
263 3.7944229
263 3.7869842
262 3.8029985
262 3.7956617
262 3.8037694
262 3.7964594
262 3.8046234
262 3.7972221
263 3.7975862
263 3.790286
263 3.7983103
263 3.7910666
263 3.7990875
263 3.7918408
263 3.7922115
263 3.7849476
263 3.793006
263 3.7857683
264 3.786234
264 3.7789218
264 3.7793984
264 3.7722416
263 3.7877357
263 3.7809038
264 3.7809744
264 3.7742374
264 3.7671
264 3.7673106
264 3.760326
264 3.7681503
264 3.7612462
265 3.7616901
265 3.7545447
265 3.7553887
265 3.748198
265 3.755931
265 3.7490702
266 3.7494485
266 3.742872
266 3.743014
266 3.7365274
267 3.7367625
267 3.729984
267 3.7375293
267 3.7384942
267 3.7313704
267 3.7316132
267 3.7251475
266 3.7544677
266 3.7476892
265 3.7625568
265 3.7558954
265 3.7634602
265 3.756633
265 3.7642763
265 3.757606
265 3.7579832
265 3.7512941
265 3.758813
265 3.7521465
265 3.7596104
265 3.7533097
263 3.7886775
263 3.7820313
264 3.782466
264 3.775775
263 3.797053
263 3.790518
263 3.797838
262 3.798479
262 3.7915545
263 3.7911282
263 3.7853408
263 3.7926066
263 3.7861838
262 3.807089
262 3.8006117
262 3.8009794
262 3.7945085
262 3.8016324
262 3.7951827
262 3.8022296
262 3.7958522
262 3.802874
262 3.7967744
262 3.8036685
262 3.7972803
260 3.8311338
260 3.8250813
261 3.8250158
261 3.8186347
261 3.8186316
261 3.8126397
261 3.8063111
262 3.8066335
262 3.8002858
262 3.8005915
262 3.794325
262 3.8079119
262 3.8014781
262 3.808796
262 3.802231
261 3.8157408
261 3.8096862
261 3.816294
261 3.8100343
262 3.8103938
262 3.8040895
262 3.8045068
262 3.798257
261 3.8181052
261 3.811952
261 3.8251789
261 3.8189113
261 3.8256924
261 3.8194444
261 3.8200285
261 3.8137112
262 3.8139362
262 3.807893
262 3.8145297
262 3.8084319
262 3.808906
261 3.8157277
262 3.8156087
262 3.8100302
262 3.8039153
262 3.8039842
262 3.7979944
262 3.8045769
262 3.798605
262 3.8052607
262 3.7993302
262 3.8058217
262 3.799885
262 3.806474
262 3.8005311
262 3.8007936
262 3.794925
261 3.8200076
261 3.8140807
258 3.8640304
258 3.8578393
258 3.8642588
258 3.8582995
258 3.8646038
258 3.8587334
258 3.8650415
258 3.8590944
258 3.8715734
258 3.8656812
258 3.8719873
258 3.8660886
258 3.8661978
258 3.8606768
258 3.8547986
259 3.8548083
259 3.848957
259 3.8491843
259 3.8434744
257 3.8737376
257 3.867939
258 3.8683445
258 3.8622484
258 3.8624537
258 3.8567984
259 3.8569424
259 3.8512435
258 3.8692858
258 3.8636994
258 3.8636727
258 3.8579748
259 3.8582518
259 3.8526013
258 3.8645413
258 3.8588529
259 3.8584719
258 3.8596942
258 3.8536544
259 3.8539126
259 3.8484154
258 3.8600836
258 3.8544593
259 3.85467
259 3.8491147
259 3.855179
259 3.8495278
259 3.8555522
259 3.8500493
259 3.8558786
259 3.8506565
256 3.8910284
256 3.885106
256 3.896987
256 3.8913615
256 3.8915162
256 3.8860252
256 3.8916254
256 3.8976734
256 3.8921309
255 3.9036202
255 3.8979967
255 3.909313
255 3.9038954
255 3.909546
255 3.904319
255 3.9099095
255 3.9044554
255 3.9101615
255 3.9047225
255 3.9161212
255 3.9104712
255 3.916137
255 3.9107852
255 3.910909
255 3.9054494
253 3.9443476
253 3.9388347
253 3.9389625
253 3.933494
253 3.9390657
253 3.9336767
253 3.944784
253 3.939316
253 3.939399
253 3.9397616
253 3.9340649
253 3.9453964
253 3.9400074
253 3.939789
253 3.934743
253 3.9348526
253 3.9293156
254 3.9294112
254 3.9240663
254 3.9294953
254 3.9245455
254 3.9246047
254 3.9191682
254 3.9194658
254 3.9139886
255 3.9141245
255 3.9088156
254 3.9196236
254 3.9143631
254 3.9200044
254 3.9148405
255 3.9147663
255 3.9096022
254 3.9202614
254 3.9150627
255 3.915216
255 3.9102437
254 3.925985
254 3.9207442
254 3.9211776
254 3.915833
254 3.910872
254 3.9211586
254 3.9162855
254 3.9265993
254 3.9214664
254 3.9218338
254 3.9165373
255 3.9165845
255 3.911775
255 3.9117475
255 3.9066336
254 3.9325783
254 3.9275515
254 3.9278471
254 3.9227178
254 3.9277298
254 3.9229562
254 3.933056
254 3.9278665
254 3.933267
254 3.9282906
254 3.928322
254 3.9233646
254 3.9284246
254 3.9236786
254 3.9186063
254 3.928736
254 3.9238687
254 3.9239452
254 3.918938
254 3.9240577
254 3.919181
254 3.9293716
254 3.9244223
254 3.9295487
254 3.924513
254 3.9248626
254 3.9197474
254 3.9348285
254 3.929948
254 3.9299963
254 3.9249394
254 3.9202647
254 3.9203248
254 3.9154735
255 3.9156744
255 3.910802
255 3.9158247
255 3.9110026
255 3.911112
255 3.9062693
255 3.9112725
255 3.90625
255 3.9115663
255 3.9067657
254 3.926414
254 3.921626
254 3.9217596
254 3.9169316
255 3.917014
255 3.9122984
255 3.907803
255 3.9077065
255 3.902887
255 3.9080238
255 3.9033475
255 3.9177136
255 3.9130182
254 3.922775
254 3.91801
254 3.9277372
254 3.9230149
254 3.9231446
254 3.918383
255 3.9187047
255 3.9138849
255 3.9139502
255 3.909371
255 3.9096086
255 3.9048042
255 3.909656
255 3.9050295
256 3.9051049
255 3.905254
255 3.9005938
256 3.9006925
256 3.8963423
256 3.896226
256 3.8918908
256 3.8918533
256 3.8872783
257 3.8874102
257 3.8829055
257 3.88306
257 3.8784444
257 3.8785858
257 3.8741484
258 3.8742225
258 3.8697643
257 3.883873
257 3.8792703
257 3.8842494
257 3.8796566
257 3.884355
257 3.8800235
257 3.8799114
257 3.8758976
257 3.8710744
258 3.8714352
258 3.8668766
257 3.884908
257 3.8804688
256 3.8900912
256 3.8856559
256 3.8903594
256 3.885916
256 3.8906615
256 3.8862455
257 3.8864627
257 3.8818855
257 3.8820367
257 3.8776155
257 3.8780162
257 3.8734522
258 3.8735597
258 3.869168
258 3.8695412
258 3.8650422
258 3.8651416
258 3.8609693
258 3.865599
258 3.8612971
258 3.8657436
258 3.8616927
258 3.8571346
258 3.8661916
258 3.8619304
258 3.8620837
258 3.857751
258 3.862509
258 3.8582876
258 3.858444
258 3.8540154
259 3.8541424
259 3.8500845
258 3.8677316
258 3.8634984
258 3.8637502
258 3.859378
257 3.8770556
257 3.8727973
258 3.872953
258 3.8686576
257 3.8814967
257 3.8817103
257 3.8865628
257 3.882288
257 3.8867753
256 3.8869152
256 3.8828723
256 3.8914886
256 3.8872313
256 3.8919244
256 3.8875082
256 3.8919897
256 3.8879678
257 3.8878877
257 3.8836954
257 3.8881283
257 3.8839946
257 3.8841188
257 3.879915
257 3.875969
257 3.8759193
257 3.8717546
257 3.876167
257 3.8720274
257 3.8849971
257 3.8810215
257 3.8809338
257 3.8768394
255 3.91078
255 3.9068446
255 3.9067945
255 3.9026737
256 3.9027762
256 3.8987174
256 3.8989716
256 3.8947287
256 3.8947413
256 3.890871
256 3.886618
256 3.8907087
256 3.886985
257 3.8871515
257 3.8829687
256 3.8913748
256 3.8873582
256 3.8957582
256 3.8919396
256 3.8961363
256 3.8919537
256 3.900395
256 3.8962972
255 3.9129484
255 3.9088943
255 3.908972
255 3.905156
255 3.9009454
256 3.9010472
256 3.8970265
255 3.9054008
255 3.9013195
255 3.9097843
255 3.905659
255 3.9139102
255 3.9099486
255 3.9099767
255 3.90625
255 3.9102395
255 3.906218
255 3.914419
255 3.9104965
255 3.9105399
255 3.9065979
255 3.9066606
255 3.9029515
256 3.902876
256 3.8989732
255 3.9070995
254 3.9192805
255 3.9193144
255 3.915411
255 3.9154959
255 3.9117296
255 3.9114733
255 3.9077187
255 3.9038775
255 3.9078715
255 3.904147
255 3.9041646
255 3.900187
255 3.9045105
255 3.9004009
255 3.9084666
255 3.9046395
255 3.908787
255 3.9047663
255 3.9048913
255 3.9010522
255 3.9050329
255 3.9012165
256 3.901329
256 3.8974473
256 3.8975937
256 3.8937385
256 3.8938427
256 3.8902273
255 3.9057913
255 3.901943
256 3.9021764
256 3.8983996
256 3.898362
256 3.8947787
256 3.8907628
Start time: 17/12/2018 02:05:23.426
End time: 17/12/2018 02:09:40.560
Duration: 257134 milliseconds (257.134 seconds)
Average latency: 257 milliseconds
Reads average latency: 12 milliseconds
Writes average latency: 518 milliseconds
Average throughput: 3.8890228 operations per second
Number of requests: 1000
Number of reads: 516
Number of writes: 484
Number of timeouts: 0
Percentage of writes: 50%
Number of replicas: 8
