0 3.690037
0 1.8761727
0 1.3210039
478 1.9821607
478 1.5760441
478 1.3289037
428 2.2805018
299 2.9925184
327 2.9876227
327 2.794411
327 2.5325615
321 2.9920213
321 2.753978
343 2.8376844
323 2.927089
323 2.7247956
316 3.0537937
316 2.8780162
336 2.9276452
336 2.7972028
351 2.8376846
332 2.9053931
332 2.7801912
360 2.7579494
326 3.036599
323 3.0656037
311 3.1088083
311 2.9965754
290 3.4406826
269 3.5932925
276 3.6059241
260 3.7462535
260 3.6302032
269 3.6402068
269 3.536794
250 3.9783401
250 3.888109
250 3.7771482
258 3.787491
258 3.6929834
270 3.6864572
270 3.616981
270 3.5260274
271 3.630423
271 3.550821
270 3.6477332
270 3.569304
277 3.577371
277 3.507913
277 3.4388995
284 3.4498982
284 3.3807144
284 3.4677722
284 3.4038775
285 3.4865983
285 3.4244132
290 3.4344993
290 3.3746555
290 3.3166373
295 3.3335557
295 3.2748232
301 3.2873533
301 3.234604
301 3.3096042
276 3.5648432
280 3.56517
280 3.5202863
280 3.4675288
283 3.4754403
283 3.425244
279 3.5457003
279 3.4963095
282 3.5032022
282 3.4587116
278 3.5716188
278 3.522793
282 3.5295339
282 3.4846778
282 3.437642
283 3.4931884
283 3.45372
287 3.4607134
287 3.4202032
289 3.425961
289 3.3860044
292 3.3926663
292 3.3547795
292 3.4080064
292 3.3697264
288 3.4643571
288 3.42556
290 3.4341855
290 3.397119
293 3.4013605
293 3.3674285
293 3.3313901
293 3.379353
293 3.3444817
296 3.3516395
296 3.317744
295 3.3640716
295 3.331243
298 3.337991
298 3.306675
300 3.312393
300 3.2812853
303 3.288859
303 3.2572083
306 3.2611482
306 3.2355402
305 3.2671525
305 3.2493036
305 3.220783
304 3.2615557
304 3.2332082
298 3.3428679
298 3.3153327
300 3.3201206
300 3.2920153
303 3.2936323
297 3.3384016
297 3.3098476
296 3.3478515
296 3.322152
296 3.3591402
296 3.3322754
298 3.3375316
298 3.311879
300 3.3145404
300 3.2917
297 3.3569334
297 3.3323238
297 3.3640707
294 3.372027
294 3.3967392
294 3.3813586
294 3.3532586
296 3.3617342
296 3.3363051
296 3.3708506
296 3.3467581
293 3.4070113
293 3.3842366
290 3.442054
288 3.4478002
288 3.4236257
289 3.4253092
289 3.4040256
291 3.4076579
291 3.3852224
289 3.442432
289 3.4206924
284 3.5017118
284 3.4791641
284 3.5083194
284 3.4855707
285 3.4892013
285 3.467652
285 3.4453275
284 3.4982507
284 3.4774835
286 3.4800208
286 3.45868
282 3.536068
282 3.513959
283 3.5164623
283 3.496671
285 3.498584
285 3.4780552
285 3.4581726
285 3.4839132
285 3.4635053
286 3.467807
286 3.446691
288 3.45064
288 3.4314282
288 3.4572363
288 3.4377387
290 3.4398801
290 3.420702
290 3.4029388
292 3.4054708
292 3.3865716
293 3.389904
293 3.3724625
295 3.3751829
295 3.3576424
294 3.3818276
294 3.3640115
289 3.4513235
289 3.4342673
283 3.5204666
279 3.5634375
280 3.5659075
280 3.548063
281 3.5495715
281 3.531776
281 3.5140157
280 3.5566452
280 3.5388677
281 3.541161
281 3.523636
282 3.5260515
282 3.5088408
284 3.5111675
284 3.494874
285 3.4961658
285 3.480167
285 3.463452
282 3.5205238
282 3.506112
282 3.5270374
282 3.5106165
283 3.5128367
283 3.497349
284 3.4990282
284 3.4828439
282 3.5216434
282 3.506273
284 3.5079427
284 3.4923277
285 3.4949918
285 3.47876
285 3.4996874
285 3.4835155
286 3.485615
286 3.4703262
287 3.4728312
287 3.458213
285 3.4947405
285 3.4793746
287 3.4790995
287 3.4665613
287 3.4518113
285 3.4888866
285 3.4734576
285 3.4926689
285 3.4781148
286 3.4801815
286 3.4655693
287 3.4678435
287 3.453518
289 3.4557092
286 3.4749541
287 3.4736946
287 3.4629643
287 3.448946
287 3.4666796
287 3.4504895
287 3.4717777
287 3.4577265
288 3.459439
288 3.4463134
289 3.4478414
289 3.4342167
290 3.4371238
290 3.4239116
291 3.4245515
289 3.4437497
289 3.4298723
290 3.4321613
290 3.4191165
291 3.4212728
291 3.4082646
292 3.4104457
292 3.3981898
293 3.3997815
293 3.3873014
294 3.3895786
294 3.3769274
295 3.3791761
295 3.3672013
296 3.3692229
296 3.3568313
297 3.3585346
297 3.3474863
298 3.34786
298 3.3378415
298 3.325402
299 3.3278584
299 3.3158293
300 3.318349
300 3.3067195
299 3.337605
299 3.3254757
298 3.341863
298 3.3302214
294 3.388042
294 3.3763683
292 3.4197936
292 3.4080448
291 3.423907
291 3.411479
292 3.4142692
292 3.4020982
292 3.418226
292 3.4066734
293 3.408664
293 3.397766
294 3.3989122
294 3.388164
294 3.3889778
294 3.3782
294 3.3681996
293 3.3963203
293 3.3850014
293 3.3998542
293 3.3894343
289 3.4425192
289 3.4315054
290 3.433333
290 3.4221995
290 3.4374802
290 3.4264898
291 3.4278314
291 3.4175053
289 3.4441864
289 3.4333577
289 3.4479299
289 3.4372423
289 3.4510684
289 3.4403527
290 3.4425113
290 3.4312518
289 3.4459844
289 3.4352455
289 3.448782
289 3.4383535
290 3.4398093
290 3.429555
290 3.4193199
291 3.4213157
291 3.4107969
292 3.4125197
292 3.4022946
293 3.4041135
293 3.3942962
294 3.3962488
294 3.3858714
294 3.3880758
294 3.3775465
292 3.4146056
292 3.404573
293 3.4062243
293 3.3964322
291 3.4329703
291 3.4228816
291 3.4247363
291 3.4152381
292 3.4162838
292 3.4066699
292 3.3970325
293 3.3988557
293 3.389256
292 3.413469
292 3.4037678
293 3.4054756
293 3.3961167
293 3.3977988
293 3.388362
294 3.3902435
294 3.3805058
294 3.3933039
294 3.3839462
295 3.385782
295 3.3763483
295 3.3781207
295 3.3694189
296 3.3709447
296 3.361472
297 3.36254
297 3.3543339
297 3.3455575
298 3.3470924
298 3.3384173
298 3.3398926
298 3.3309643
299 3.3326633
299 3.324012
298 3.3470511
298 3.337882
298 3.35061
298 3.3415132
298 3.3430884
298 3.3344414
298 3.3465607
298 3.337915
299 3.339621
299 3.3309345
299 3.3330257
299 3.3242981
295 3.3768964
295 3.3684082
296 3.3699768
296 3.3614466
290 3.443749
290 3.4354568
289 3.4467165
289 3.4379418
289 3.449172
289 3.4512339
289 3.4419641
285 3.4936578
285 3.4845622
285 3.4956748
285 3.4869978
285 3.4960227
285 3.4899223
285 3.4815264
286 3.482689
286 3.4739118
285 3.4946706
285 3.4864125
284 3.5066705
284 3.4981546
285 3.4994953
285 3.4909706
285 3.4923217
285 3.483988
286 3.4851832
286 3.4768732
285 3.4969676
285 3.4890976
286 3.4900723
286 3.4817305
286 3.4928267
286 3.4845488
286 3.4948046
284 3.5056314
284 3.4971213
285 3.4987102
285 3.4901915
285 3.5006373
285 3.4925404
285 3.493771
285 3.485599
285 3.4964075
285 3.4880748
286 3.4895906
286 3.4812803
281 3.554911
281 3.5473187
281 3.547892
281 3.5404131
282 3.541414
282 3.5330303
282 3.5252855
282 3.5354302
282 3.5272741
282 3.5283244
282 3.5204399
283 3.5218122
283 3.5142248
282 3.5415692
282 3.5336
281 3.5433934
281 3.535641
281 3.545356
281 3.53751
281 3.547641
281 3.5399766
282 3.5406044
282 3.5330195
282 3.5424929
282 3.535271
282 3.535995
282 3.5283036
282 3.5383105
282 3.5307362
283 3.531404
283 3.523997
283 3.5249755
282 3.5347643
282 3.5271878
282 3.5278864
282 3.5205646
282 3.529984
282 3.522423
282 3.532241
282 3.5247061
283 3.5257528
283 3.5182633
283 3.5192025
283 3.5119324
283 3.5212429
283 3.5139406
284 3.5148232
284 3.5079954
284 3.50728
284 3.501612
284 3.4944243
282 3.5360966
282 3.5288966
282 3.538261
282 3.5308566
282 3.531717
282 3.5247538
280 3.5577185
280 3.55059
277 3.5995393
277 3.592384
278 3.5931675
277 3.5938618
277 3.5870452
278 3.5876641
278 3.5805748
278 3.5893188
278 3.5822823
278 3.5829904
278 3.576078
279 3.5767956
279 3.5699217
279 3.5707326
279 3.5637863
280 3.5646055
280 3.5577533
278 3.581706
278 3.5748756
278 3.5833178
278 3.5764828
279 3.5772684
279 3.5704162
279 3.5712373
279 3.564423
280 3.565307
280 3.5584214
280 3.559313
280 3.5525727
280 3.5609252
280 3.5545025
281 3.5550468
280 3.5562036
280 3.5494788
281 3.5501099
281 3.5435278
281 3.5442998
281 3.5378058
282 3.5386648
282 3.531943
282 3.5331764
282 3.526411
283 3.5271807
283 3.520738
283 3.5215409
283 3.5153642
283 3.5306182
283 3.524474
282 3.5397067
282 3.5332856
282 3.5412
281 3.5424955
281 3.5357451
280 3.5652816
280 3.5591042
279 3.5671046
279 3.5606644
279 3.5686846
279 3.5623662
280 3.563124
280 3.5566602
280 3.5575264
280 3.5512223
280 3.5590727
280 3.5527377
277 3.5960019
277 3.5896242
276 3.6114833
276 3.6054308
277 3.605921
277 3.5995958
277 3.6003473
277 3.5939784
278 3.5949128
278 3.58845
278 3.5961213
278 3.590153
278 3.5836082
278 3.5835845
278 3.5781143
278 3.5857372
278 3.5796647
278 3.580313
278 3.5742216
278 3.5818238
278 3.5757258
279 3.576401
279 3.5703335
278 3.584571
278 3.5785584
278 3.5859544
278 3.5802026
279 3.5807183
279 3.5747044
279 3.575276
279 3.5696278
279 3.5767252
279 3.5707586
279 3.5711896
279 3.565586
279 3.5596676
279 3.5670552
279 3.561107
279 3.5684438
279 3.56256
277 3.5963612
277 3.590285
278 3.5913386
278 3.5851488
277 3.5990121
277 3.5933013
277 3.6002774
277 3.5943718
277 3.5950804
277 3.5891323
278 3.5898936
278 3.5839965
278 3.5847406
278 3.5789635
278 3.586105
278 3.5802293
278 3.5873919
278 3.5815327
278 3.5889008
278 3.5829656
278 3.5899634
278 3.5842752
278 3.5912714
278 3.5855305
278 3.586349
278 3.587165
278 3.5874326
277 3.6011746
277 3.5953948
277 3.5958061
277 3.590144
277 3.5970545
277 3.5914083
278 3.592116
278 3.5865178
277 3.5933456
277 3.5877404
278 3.588427
278 3.582825
278 3.5834281
278 3.5778952
278 3.5847397
278 3.5791779
277 3.6047823
277 3.5990067
277 3.5996678
277 3.5941164
278 3.5946949
278 3.5892346
277 3.602072
277 3.5965292
277 3.59721
277 3.5917351
276 3.610613
276 3.6111817
276 3.6116834
276 3.6065257
276 3.6008167
277 3.6014407
277 3.595974
277 3.5965815
277 3.5912464
278 3.5919023
278 3.5865254
278 3.5933156
278 3.587653
278 3.5882673
278 3.5830135
278 3.5895119
278 3.5842083
278 3.5848665
278 3.579691
279 3.5801003
279 3.5748205
279 3.5755098
279 3.5702941
279 3.570883
279 3.5656269
280 3.5657406
279 3.5670636
279 3.5617108
279 3.574052
279 3.5689542
279 3.5694146
279 3.5642138
280 3.5648453
280 3.5597076
280 3.5604053
280 3.555186
280 3.555868
280 3.550793
280 3.5570624
280 3.5522451
281 3.5529273
281 3.5475194
279 3.5769997
279 3.5717545
279 3.5723643
279 3.567182
279 3.573478
279 3.5742855
279 3.569203
278 3.5868046
278 3.5816374
277 3.593409
277 3.5884292
278 3.588907
278 3.5841086
278 3.584551
278 3.579551
279 3.5801191
279 3.5751393
279 3.5758317
279 3.5706725
279 3.5714684
279 3.5663695
280 3.5669708
280 3.5619915
279 3.5737007
279 3.5687058
279 3.5803735
279 3.575403
279 3.5759673
279 3.5710752
279 3.5717027
279 3.566752
280 3.567364
280 3.5627248
280 3.5575926
280 3.5585055
280 3.5536256
277 3.597435
277 3.5928273
277 3.5933986
277 3.588342
278 3.5888982
278 3.5840166
278 3.5899093
278 3.5853872
278 3.5859058
278 3.5809388
278 3.5816734
278 3.576668
279 3.577253
279 3.5724013
278 3.5889888
278 3.584172
278 3.5902348
278 3.585505
277 3.5964928
277 3.5917485
277 3.5975409
277 3.59277
277 3.6038983
277 3.5993214
277 3.5996966
277 3.5948913
277 3.6009743
277 3.6013083
277 3.5967457
276 3.6074657
276 3.6029828
276 3.6137228
276 3.608999
276 3.6097515
276 3.6050637
276 3.6105201
276 3.6060867
277 3.6065404
277 3.6019557
276 3.6074438
276 3.6028326
276 3.6086774
276 3.603965
276 3.609404
276 3.6050174
277 3.6053014
277 3.6005442
277 3.601238
277 3.5968654
277 3.6024377
277 3.5976899
277 3.6031914
277 3.6038961
277 3.5992374
275 3.619905
275 3.6154203
275 3.631038
275 3.6264045
275 3.626857
275 3.6223497
275 3.6228607
275 3.6182973
276 3.6187935
276 3.6141562
275 3.6248732
275 3.620149
273 3.6505632
273 3.6460357
273 3.6514142
273 3.6467159
273 3.6423726
273 3.652692
273 3.6481717
272 3.6635287
272 3.65897
271 3.6741679
271 3.6696434
271 3.6749694
271 3.670419
271 3.6806202
271 3.675894
271 3.6765785
271 3.6720665
272 3.6724668
272 3.6679885
272 3.6684463
272 3.6639125
272 3.674023
271 3.674454
271 3.6702318
271 3.675278
271 3.6707451
272 3.6713204
272 3.6669273
272 3.671953
272 3.6675522
272 3.6727943
272 3.6683328
272 3.6687655
272 3.6643546
272 3.664791
272 3.660343
272 3.6657312
272 3.6612225
272 3.6663523
272 3.662063
272 3.662586
272 3.658085
273 3.6584902
273 3.654161
273 3.6545353
273 3.6549776
273 3.6506162
273 3.6510105
273 3.6469386
273 3.6520193
273 3.647579
273 3.6480262
273 3.643738
274 3.6441545
274 3.6399317
274 3.6403687
274 3.6360416
274 3.6411214
274 3.6369555
274 3.6466002
274 3.642404
274 3.6475036
274 3.643181
274 3.643796
274 3.6394875
273 3.6536927
273 3.6542263
273 3.6498535
271 3.6780257
271 3.6736176
271 3.6741939
271 3.6698675
272 3.6698425
272 3.665649
272 3.670931
272 3.6667457
272 3.667142
272 3.6629536
272 3.6679482
272 3.6637852
272 3.6733193
272 3.6689935
272 3.6693842
272 3.6652052
272 3.6658313
272 3.661517
272 3.6708734
272 3.6667116
272 3.6717944
272 3.6675255
271 3.6768167
271 3.672848
271 3.682162
271 3.6780643
271 3.6782594
271 3.6744049
271 3.670068
272 3.670435
272 3.6663897
272 3.671199
272 3.6670804
272 3.6720412
272 3.6680279
272 3.6683948
272 3.664184
272 3.668932
272 3.665069
272 3.6653247
272 3.661313
271 3.6749532
271 3.670795
272 3.6711555
272 3.6671233
271 3.6762455
271 3.6721683
271 3.6808798
271 3.6769512
271 3.6776545
271 3.6736097
271 3.6783226
271 3.6743493
272 3.6746385
271 3.6752293
271 3.6710339
270 3.6932247
270 3.6890337
270 3.6894166
270 3.685604
271 3.6857522
271 3.6817775
271 3.6864264
271 3.682507
270 3.6914117
270 3.6874166
270 3.6836662
271 3.683831
271 3.6798725
270 3.688748
270 3.6848085
271 3.6852217
271 3.6814504
270 3.698551
270 3.6946492
270 3.6991577
270 3.6954353
270 3.6956165
270 3.6917183
270 3.692043
270 3.6882036
270 3.692877
270 3.6888585
271 3.6891387
270 3.689619
270 3.685586
271 3.6857142
271 3.6821868
271 3.6825645
271 3.6786172
271 3.6872234
271 3.6834176
271 3.6837158
271 3.680105
271 3.6803758
271 3.676425
271 3.6768053
271 3.6729426
271 3.6856916
271 3.6818728
271 3.6821856
271 3.678591
271 3.6786187
271 3.6751254
271 3.6711714
272 3.6715689
272 3.667732
272 3.6723313
272 3.6684566
272 3.6728656
272 3.669148
272 3.6735027
272 3.6700013
272 3.6701727
272 3.6663983
271 3.6748433
271 3.6711612
271 3.6755023
271 3.671797
271 3.6801877
271 3.6766934
271 3.6768563
271 3.673239
272 3.673642
271 3.6738224
272 3.674106
272 3.6704469
272 3.6707773
270 3.6872861
271 3.6872892
270 3.6877344
270 3.6841094
270 3.6923199
270 3.6888008
270 3.689037
270 3.6852787
271 3.685826
271 3.6819465
270 3.6902273
270 3.6866138
270 3.6909723
270 3.6871755
270 3.6993706
270 3.6957338
270 3.69992
270 3.696304
270 3.6966174
270 3.6929395
270 3.6932845
270 3.6896312
270 3.6900947
270 3.6863506
270 3.6944559
270 3.690816
270 3.695154
270 3.6915922
270 3.6917632
270 3.6883554
270 3.6845524
270 3.6926618
270 3.6890197
270 3.6934297
270 3.6897078
270 3.693809
270 3.690408
270 3.69055
270 3.686988
271 3.6873043
271 3.6837664
270 3.6917555
270 3.6882062
271 3.6885343
271 3.6850083
271 3.6891172
271 3.685598
271 3.6820288
271 3.686354
271 3.6826503
270 3.6905718
270 3.6870823
270 3.6913161
270 3.6876357
270 3.6919172
270 3.688229
270 3.6887205
270 3.6851122
270 3.6891842
270 3.685694
271 3.686005
271 3.6823995
270 3.701761
270 3.6981192
270 3.7023227
270 3.6987286
269 3.7065578
269 3.703064
269 3.7033005
269 3.6999688
270 3.7001665
270 3.696678
269 3.7081342
268 3.7197628
268 3.7161543
268 3.7165713
268 3.7129726
269 3.7132535
269 3.7098029
269 3.7100723
269 3.7066445
Start time: 17/12/2018 02:05:23.426
End time: 17/12/2018 02:09:52.989
Duration: 269563 milliseconds (269.563 seconds)
Average latency: 269 milliseconds
Reads average latency: 12 milliseconds
Writes average latency: 518 milliseconds
Average throughput: 3.7097082 operations per second
Number of requests: 1000
Number of reads: 492
Number of writes: 508
Number of timeouts: 0
Percentage of writes: 50%
Number of replicas: 8
