0 3.690037
0 1.8832392
325 2.2321427
325 1.9920319
325 1.5822784
325 1.3333334
248 3.3955858
252 3.498251
257 3.849444
257 3.5842295
257 3.2667875
284 3.3300033
284 3.0646644
292 3.409091
292 3.1880977
292 2.9992502
314 3.034547
314 2.888247
336 2.9307096
336 2.8
351 2.8398333
332 2.9080336
332 2.7826087
341 2.9225523
310 3.1933577
308 3.2208588
296 3.2529943
296 3.136584
279 3.5807738
279 3.4625118
286 3.4704368
286 3.3691041
286 3.268765
298 3.2856135
298 3.1978073
297 3.3171165
297 3.2418416
297 3.1568978
307 3.1703825
307 3.0956662
321 3.1058915
313 3.1425576
313 3.0603728
318 3.0903473
318 3.0195382
307 3.2118053
307 3.1427844
314 3.1653478
314 3.1012812
314 3.0402434
315 3.1347961
315 3.0719607
312 3.1674209
312 3.1065087
317 3.1220505
317 3.0712092
316 3.1552377
316 3.100241
316 3.0473351
308 3.1989336
308 3.1469219
302 3.2894738
302 3.2376842
301 3.3106377
301 3.2577295
300 3.324468
300 3.2826023
300 3.233392
299 3.3005211
299 3.2528675
303 3.2652142
303 3.219718
279 3.5589137
279 3.5137033
278 3.570477
278 3.5255737
267 3.7381237
267 3.6906042
267 3.6407769
271 3.6438055
271 3.6026254
269 3.705329
269 3.6600049
261 3.8095238
261 3.7611659
260 3.8098776
260 3.7685554
263 3.7704992
263 3.7300017
267 3.7316747
267 3.6892266
261 3.824258
261 3.7849462
261 3.8265305
261 3.7874005
261 3.748594
261 3.790688
261 3.75158
261 3.7965991
261 3.756394
264 3.7605891
264 3.7238839
267 3.7268527
267 3.6904624
264 3.7699924
264 3.7331727
262 3.8096662
262 3.7760997
264 3.7748296
264 3.745182
264 3.7704682
264 3.7483938
264 3.7156303
267 3.71669
267 3.6843934
267 3.7211866
267 3.6905413
270 3.693413
270 3.6621423
270 3.6933517
270 3.6695428
270 3.63553
268 3.70214
268 3.676352
266 3.7411268
266 3.7136962
268 3.7159503
268 3.6873848
270 3.6868358
270 3.6614258
272 3.6615508
272 3.6353724
274 3.634834
274 3.6106467
275 3.6335704
275 3.6170087
275 3.586947
275 3.6218235
275 3.596812
277 3.5998971
277 3.5741642
279 3.5764575
279 3.5514543
281 3.5534828
281 3.5310345
283 3.5309575
283 3.509822
283 3.4855447
285 3.487686
285 3.4666667
286 3.468453
286 3.4464617
288 3.4489968
288 3.4276812
288 3.4562805
288 3.4337845
290 3.4386146
290 3.4165106
290 3.3954577
292 3.3983858
292 3.3767846
294 3.3826325
294 3.360067
290 3.4381018
290 3.4174364
291 3.4196267
291 3.401279
291 3.426695
291 3.4074776
293 3.4101598
293 3.38991
293 3.370917
294 3.3757226
294 3.3548565
294 3.3813114
294 3.3619554
294 3.388988
294 3.3707108
296 3.3732464
294 3.3766522
294 3.359116
292 3.405022
292 3.3869417
293 3.3902726
293 3.372025
295 3.3755455
295 3.3572116
296 3.3617022
296 3.3425004
298 3.3457484
298 3.3292155
299 3.3318756
299 3.3151689
301 3.3189034
301 3.301616
302 3.3050432
299 3.329138
299 3.312395
300 3.3158495
300 3.299274
300 3.3219287
300 3.3062105
296 3.3687944
296 3.3516269
294 3.3937314
294 3.377985
295 3.380336
295 3.3648024
293 3.4032464
293 3.3904116
293 3.373768
294 3.375766
294 3.3614392
292 3.400344
292 3.3853536
294 3.3882616
294 3.3719046
295 3.375218
295 3.360485
296 3.3628414
296 3.347871
296 3.3685195
296 3.3542
295 3.375
295 3.358746
296 3.3614042
296 3.3473098
292 3.4205127
292 3.4055188
291 3.4248362
291 3.4104288
291 3.427666
291 3.4154296
291 3.4008374
291 3.421102
291 3.4059715
291 3.4254665
291 3.4111915
286 3.4798903
286 3.465858
286 3.4847252
286 3.4703286
287 3.4724507
287 3.4588463
286 3.4902875
286 3.479505
286 3.4654188
286 3.4830844
284 3.4989166
280 3.5520568
280 3.5370595
280 3.5549347
280 3.5408301
278 3.5898163
278 3.5756292
279 3.5780132
279 3.5642579
280 3.5642889
280 3.55152
280 3.538407
281 3.5396874
281 3.5256412
282 3.5273902
282 3.51398
279 3.5767105
279 3.5638561
279 3.5647955
279 3.5517087
279 3.5677123
279 3.5543969
277 3.600785
277 3.5880244
277 3.6038675
277 3.5900354
276 3.6204488
276 3.608591
277 3.607764
273 3.6402354
273 3.6261482
274 3.628053
274 3.614372
270 3.687891
270 3.6743922
266 3.7456875
266 3.7332287
267 3.733639
267 3.720632
268 3.7215502
268 3.7087264
265 3.7647903
265 3.7518554
265 3.7664526
265 3.752934
265 3.7681947
265 3.7542017
264 3.7832725
264 3.7699265
265 3.7712045
265 3.758644
265 3.7723777
265 3.7601976
265 3.7598963
265 3.747938
265 3.7368422
266 3.7369697
266 3.725247
264 3.7653742
264 3.7527592
264 3.7657716
264 3.7547903
265 3.7545161
265 3.74287
266 3.7444088
266 3.7324367
266 3.745461
266 3.734177
266 3.7466886
266 3.7349565
264 3.7733958
264 3.7739148
263 3.78769
263 3.7754126
262 3.8132024
262 3.8022814
261 3.814915
261 3.8025146
262 3.8041883
262 3.792174
262 3.8046849
262 3.805461
262 3.7941034
262 3.794495
262 3.7838292
262 3.795407
262 3.7845323
263 3.7852185
263 3.7740774
264 3.7746565
264 3.763612
265 3.764263
265 3.7530494
265 3.7656415
265 3.754095
265 3.766566
265 3.75552
265 3.768394
265 3.7568855
264 3.7813048
264 3.7707305
265 3.7706962
264 3.7714782
264 3.760808
263 3.7842736
263 3.7731588
264 3.7737124
264 3.763453
259 3.8425775
259 3.8320167
260 3.8320153
260 3.8214157
261 3.8219101
261 3.8111439
259 3.8452215
259 3.834617
260 3.835238
260 3.8240917
260 3.8363452
260 3.8261285
261 3.825936
261 3.8160512
261 3.8154364
261 3.8060832
261 3.7956767
262 3.7960203
262 3.785778
262 3.8081055
262 3.7975218
262 3.8089595
262 3.7990713
262 3.7992404
262 3.7894294
262 3.8115184
262 3.8007329
262 3.801529
262 3.7916956
263 3.7922745
263 3.7824767
264 3.7830372
264 3.773197
264 3.7742043
264 3.7643206
265 3.7643843
265 3.7553046
266 3.7558875
266 3.74638
266 3.7570066
266 3.7479599
265 3.7684655
265 3.7584565
265 3.769284
264 3.7701974
264 3.7604458
265 3.761413
265 3.7516208
266 3.7526045
266 3.7432892
265 3.7613184
265 3.7547915
265 3.7453916
266 3.7458663
266 3.7368262
267 3.7371747
267 3.728308
267 3.7386968
267 3.729617
266 3.7496393
266 3.7401102
266 3.7511961
266 3.7415292
265 3.7611165
265 3.7525413
266 3.753021
266 3.7445748
264 3.782662
264 3.773443
264 3.774329
264 3.7649968
265 3.7659328
265 3.7571905
265 3.7484188
265 3.7583518
265 3.7495832
266 3.7501962
266 3.7415216
266 3.751379
266 3.742467
266 3.7429533
266 3.7347846
267 3.735763
267 3.7264934
268 3.727384
268 3.7194233
268 3.7195866
268 3.711745
269 3.7119925
269 3.7035708
269 3.6954517
269 3.6956036
269 3.6881304
268 3.7151263
268 3.706824
269 3.7078006
269 3.699812
268 3.7263799
268 3.718714
268 3.718646
268 3.7104776
269 3.7110772
269 3.7032197
266 3.7477934
266 3.7393394
266 3.7485282
266 3.7404976
267 3.7407668
267 3.7329159
267 3.733553
267 3.7254314
268 3.7264638
268 3.7185185
268 3.718769
268 3.710969
269 3.7112038
269 3.7040482
269 3.7041724
269 3.7051697
269 3.6971684
268 3.7142618
268 3.7065237
269 3.7071054
269 3.6993835
269 3.6998544
269 3.692793
267 3.7349896
267 3.7265952
267 3.735805
267 3.72772
266 3.7449186
266 3.7376437
266 3.7526982
266 3.7466328
266 3.7386374
267 3.7394726
267 3.7318578
267 3.732733
267 3.7249215
267 3.7334495
267 3.7260883
268 3.7261894
268 3.7190514
268 3.7196727
268 3.7122784
269 3.712526
269 3.7053235
269 3.6982954
269 3.6986876
269 3.6913786
269 3.6999052
269 3.692332
269 3.7006772
269 3.6938567
270 3.6940222
270 3.6872406
269 3.7031262
269 3.6958942
270 3.6964557
270 3.689665
269 3.7130435
269 3.7062776
269 3.7141492
269 3.7073786
268 3.7232656
268 3.7161336
268 3.7166762
268 3.709584
268 3.717812
268 3.7103493
269 3.7112372
269 3.7042089
269 3.7122443
269 3.7055764
269 3.705796
269 3.6991925
269 3.6921968
269 3.7075322
269 3.700658
269 3.7008297
269 3.6943245
270 3.6946177
270 3.6877918
270 3.695694
270 3.6891913
270 3.6967351
270 3.6905534
270 3.6907694
270 3.6842957
271 3.6845767
271 3.678164
270 3.700406
270 3.693693
270 3.7013335
270 3.6947782
270 3.6880314
270 3.6955879
270 3.6891844
270 3.6897445
270 3.683082
271 3.6837044
271 3.677182
271 3.67747
271 3.6707733
271 3.6791444
271 3.672049
271 3.6799705
271 3.6734202
271 3.673998
271 3.6674814
271 3.675096
271 3.6689365
272 3.669312
272 3.6628752
272 3.6635168
272 3.6567547
272 3.6718252
272 3.6652243
272 3.672456
272 3.6666667
272 3.66605
272 3.6606464
272 3.653971
271 3.6757858
271 3.669283
271 3.6763694
271 3.6703918
270 3.6981235
270 3.6918027
269 3.705928
269 3.6999183
269 3.7068527
269 3.7011886
269 3.7012181
269 3.6948564
270 3.6956964
270 3.6892154
270 3.6897638
270 3.6837862
271 3.683946
271 3.6780715
271 3.678315
270 3.6858976
270 3.6795094
271 3.6800425
271 3.673906
271 3.6744223
271 3.6686313
272 3.6689363
272 3.6629071
272 3.663414
272 3.65763
272 3.664808
272 3.6587286
272 3.665857
272 3.659844
272 3.6669712
272 3.6606178
272 3.6683166
272 3.661767
271 3.6820953
271 3.6758995
271 3.676423
271 3.6703994
272 3.6712375
272 3.6652412
272 3.672458
272 3.666408
271 3.67967
271 3.6738398
272 3.6743128
272 3.6684394
272 3.6691298
272 3.663213
272 3.6635842
272 3.6580193
273 3.6580744
272 3.658752
272 3.653244
273 3.6537662
273 3.6480308
273 3.6486511
273 3.6429646
273 3.6557016
273 3.6504776
273 3.65084
273 3.6449132
274 3.6456456
274 3.6400166
273 3.6467652
273 3.6411066
274 3.6419303
274 3.6360948
274 3.6366994
274 3.630868
275 3.6316123
275 3.6260955
274 3.638877
274 3.633277
275 3.6339025
275 3.628372
275 3.628959
275 3.6234303
275 3.6239347
275 3.6187375
275 3.6132274
275 3.6196475
275 3.614153
275 3.6207476
275 3.6153767
276 3.6157582
276 3.6103678
276 3.6108851
276 3.6056685
277 3.6062562
277 3.6009762
277 3.6012692
277 3.5961833
277 3.6027496
277 3.597314
277 3.6040509
277 3.5985227
277 3.6050682
277 3.5998094
277 3.6001434
277 3.5948231
278 3.5951004
278 3.5905592
278 3.5851712
278 3.5916274
278 3.5862951
278 3.5871882
278 3.5817325
277 3.6055253
277 3.600329
277 3.6009686
277 3.5954614
275 3.6251304
275 3.6199563
274 3.6432805
274 3.6379704
274 3.63876
274 3.6333675
274 3.6395009
274 3.6346207
275 3.6349132
275 3.6296403
275 3.6305785
275 3.6253467
275 3.6256104
275 3.6206262
275 3.6158397
275 3.6217165
275 3.6166978
276 3.6170537
276 3.611893
274 3.6351397
274 3.6298454
273 3.647124
273 3.6422749
274 3.642652
274 3.6378424
274 3.6381032
274 3.6331315
275 3.6334186
275 3.6283467
273 3.6512504
273 3.6459253
273 3.6577091
273 3.652631
273 3.65859
273 3.6535852
273 3.6595871
273 3.654514
273 3.6550066
272 3.6666465
272 3.6613445
270 3.694843
270 3.6895552
270 3.6899166
270 3.6851902
271 3.6856368
271 3.6802511
271 3.6806633
271 3.675657
271 3.6762526
271 3.6716216
270 3.6986861
270 3.6937811
268 3.7263217
268 3.7213337
267 3.7377682
267 3.732479
267 3.7386067
267 3.73339
267 3.7339432
267 3.7290242
267 3.7292056
267 3.7242863
268 3.7243948
268 3.7196717
267 3.7306347
267 3.7258961
267 3.7313628
267 3.7263815
268 3.727034
266 3.7479885
266 3.7587097
265 3.7591822
265 3.7545102
265 3.7598298
265 3.754915
265 3.7658906
265 3.7608047
265 3.7610562
265 3.7564378
265 3.761869
265 3.7570863
264 3.77785
264 3.7730207
264 3.7733128
264 3.7681725
264 3.773798
264 3.7692113
264 3.7743967
264 3.769416
265 3.7699032
265 3.7653255
265 3.765375
265 3.760623
265 3.7606595
265 3.756269
265 3.751413
266 3.751443
266 3.746985
266 3.747096
266 3.742296
265 3.7629585
265 3.7582824
265 3.7586238
265 3.753701
264 3.7740576
264 3.769146
264 3.774547
264 3.7700424
265 3.770348
265 3.7656715
265 3.7659256
265 3.766048
265 3.7615628
265 3.7667768
265 3.7621152
265 3.7674468
265 3.7625542
265 3.7630327
265 3.7583985
265 3.7586958
265 3.7540414
266 3.754325
266 3.7495039
266 3.750104
266 3.7455015
265 3.7604635
265 3.7558777
264 3.785443
263 3.785446
263 3.7907505
263 3.7861874
263 3.781635
263 3.78654
263 3.7819798
262 3.801565
262 3.7968884
261 3.8168123
261 3.8120358
262 3.8122983
262 3.807667
261 3.8223221
261 3.8177264
261 3.8179808
261 3.8133466
262 3.8137877
262 3.809097
261 3.8283343
261 3.8238554
261 3.8239918
261 3.819492
261 3.8244452
261 3.8199193
261 3.820078
261 3.8203447
261 3.8202684
261 3.8161826
261 3.8115315
262 3.8114305
262 3.807476
262 3.807541
262 3.803065
262 3.8032954
262 3.798888
263 3.7989452
263 3.7944298
263 3.7950575
263 3.7905214
262 3.8044362
262 3.8004463
262 3.8049774
262 3.8005917
263 3.8009098
263 3.796609
263 3.7966158
263 3.7925568
263 3.7925336
263 3.792859
263 3.7886963
263 3.7933517
263 3.7890763
263 3.7888842
263 3.784572
263 3.7851634
263 3.7808475
264 3.7811146
264 3.7767959
264 3.7771182
264 3.7726598
264 3.7819872
264 3.7777898
263 3.796157
263 3.7918334
263 3.7968397
263 3.7922
263 3.7925706
263 3.7882707
262 3.802213
262 3.7977922
263 3.7979677
263 3.7938678
263 3.7940984
263 3.7898765
263 3.7944055
262 3.799348
262 3.7946777
262 3.7997267
262 3.7953532
262 3.8088982
262 3.804625
261 3.8271577
261 3.822975
261 3.8231707
261 3.8187823
261 3.8189483
261 3.8149273
261 3.8150136
261 3.8106709
262 3.8107784
262 3.8070176
261 3.8200042
261 3.8159924
261 3.8205812
261 3.816344
261 3.8161447
261 3.8119051
261 3.8213623
261 3.817159
261 3.8217168
261 3.8175888
261 3.8177035
261 3.818165
261 3.8137407
261 3.8182116
261 3.8142412
261 3.818801
261 3.814674
261 3.8146765
261 3.810743
262 3.8109627
262 3.8069108
262 3.8071175
262 3.802997
262 3.799129
262 3.8075237
262 3.8036108
262 3.803836
262 3.7997735
262 3.8043177
262 3.8002472
262 3.8004267
262 3.7964172
262 3.8008168
262 3.7969918
263 3.7970622
263 3.793057
263 3.793275
263 3.78933
263 3.7937255
263 3.7897725
263 3.7940152
263 3.7943585
263 3.7903695
262 3.8071172
262 3.8034732
262 3.8037262
262 3.799633
262 3.79962
262 3.795872
262 3.8125093
262 3.808788
262 3.8087492
262 3.8051655
262 3.8093817
262 3.8052065
262 3.8097286
261 3.8140368
261 3.8183362
261 3.8146083
261 3.8104799
261 3.8148012
261 3.810869
261 3.8152282
261 3.8111787
261 3.8236535
261 3.8196816
261 3.8200219
261 3.8161552
261 3.8162804
261 3.8126428
260 3.832852
260 3.8289104
260 3.8332844
260 3.8294437
261 3.8295698
261 3.8257096
260 3.842032
260 3.838384
260 3.838206
260 3.8345382
259 3.8466032
259 3.8429039
259 3.8548734
259 3.8512354
259 3.8513846
259 3.8515182
259 3.8514972
259 3.8478
259 3.8440175
259 3.8480115
259 3.8442366
259 3.844637
259 3.8405666
260 3.8409696
260 3.836759
260 3.8412545
260 3.8373258
260 3.8374262
260 3.8336308
260 3.8338253
260 3.8298898
260 3.829997
260 3.8265858
261 3.82644
261 3.8227983
261 3.8230174
261 3.8192358
261 3.8194132
261 3.8158667
261 3.8235157
261 3.819913
261 3.8241143
261 3.8204281
261 3.8204691
261 3.8208523
261 3.8167493
261 3.825058
261 3.8211365
260 3.8331866
260 3.8291457
261 3.8293405
261 3.825549
261 3.8260427
261 3.8221872
261 3.8262305
261 3.8225594
261 3.8227153
261 3.8190398
261 3.8192432
261 3.8155923
262 3.8156085
262 3.8121002
262 3.812119
262 3.8086355
262 3.8049686
262 3.8127732
262 3.809168
262 3.8094804
262 3.8056817
Start time: 17/12/2018 02:05:23.431
End time: 17/12/2018 02:09:46.298
Duration: 262867 milliseconds (262.867 seconds)
Average latency: 262 milliseconds
Reads average latency: 14 milliseconds
Writes average latency: 517 milliseconds
Average throughput: 3.8042052 operations per second
Number of requests: 1000
Number of reads: 506
Number of writes: 494
Number of timeouts: 0
Percentage of writes: 50%
Number of replicas: 8
