0 3.690037
0 1.8552877
0 1.216545
482 1.9342359
482 1.5961691
482 1.321877
566 1.7152659
566 1.4910536
462 2.1376657
462 1.9912386
462 1.8148819
326 2.997003
326 2.7675276
345 2.840909
324 2.922423
324 2.7493126
316 3.034547
316 2.888247
336 2.9313233
318 3.0
329 3.0291555
313 3.0897856
313 2.9513888
340 2.9225523
310 3.1933577
308 3.2208588
308 3.105131
308 2.994012
278 3.5807738
278 3.4625118
285 3.4704368
285 3.3691041
285 3.269161
297 3.2856135
297 3.1978073
299 3.3171165
299 3.2418416
299 3.1492755
308 3.1749284
308 3.0956662
321 3.1058915
305 3.2377868
305 3.1531115
301 3.2721324
301 3.197158
307 3.2118053
307 3.1427844
314 3.1653478
314 3.1012812
314 3.0402434
308 3.213166
308 3.1487596
304 3.2401478
304 3.1804733
310 3.1946564
310 3.1401656
303 3.2954705
303 3.2380295
303 3.1825569
307 3.1989336
307 3.1469219
308 3.2249742
308 3.1742
307 3.2481728
307 3.196263
311 3.2035782
311 3.163235
311 3.1158142
299 3.3005211
299 3.2528675
303 3.2652142
303 3.219718
306 3.2303987
306 3.1893616
310 3.197442
310 3.1572301
314 3.1670215
314 3.126762
314 3.084547
318 3.094739
318 3.0597641
310 3.2177856
310 3.1784253
302 3.2857144
302 3.2440057
282 3.5311062
282 3.4928074
284 3.497933
284 3.460363
287 3.4651265
287 3.4257104
287 3.4765983
287 3.4408603
290 3.4438775
283 3.4928248
283 3.4570367
283 3.5022662
283 3.4675477
279 3.5542629
279 3.516624
282 3.5230782
282 3.488691
282 3.5327458
282 3.4982507
284 3.5034273
284 3.4692109
284 3.5108688
284 3.479935
286 3.481639
286 3.4542942
284 3.5191038
284 3.4985008
284 3.4679217
283 3.5063114
283 3.4771724
278 3.5833647
278 3.5538545
280 3.557875
280 3.5277517
283 3.5271022
283 3.504248
283 3.4717674
280 3.5397656
280 3.5151083
282 3.5172987
282 3.4915094
285 3.4955127
285 3.4686418
282 3.5319266
282 3.5075843
284 3.5089862
284 3.4838984
284 3.5146744
279 3.5509667
281 3.544947
281 3.528789
281 3.4994605
280 3.5638745
280 3.539263
281 3.542756
281 3.5174313
283 3.5201354
283 3.4955258
285 3.4979596
285 3.475862
285 3.448842
287 3.455406
287 3.4315052
289 3.4340293
289 3.4123323
280 3.547883
280 3.5253882
276 3.6057694
276 3.583485
278 3.5852463
278 3.5619109
278 3.5914419
278 3.5683556
278 3.546367
280 3.5483146
280 3.5257602
282 3.530777
282 3.5072231
280 3.5600204
280 3.538622
278 3.5881999
278 3.5689478
279 3.569474
279 3.549456
281 3.55127
279 3.5535607
279 3.533651
279 3.5606937
279 3.5386841
281 3.5412383
281 3.5209668
281 3.5471406
281 3.5280106
281 3.5510886
281 3.533019
281 3.512958
283 3.515711
283 3.4953575
279 3.564985
279 3.5457926
279 3.5690482
279 3.5496633
280 3.5531914
280 3.532896
282 3.5351305
282 3.5176616
278 3.5817664
278 3.5638065
280 3.5662751
280 3.5476992
281 3.5498614
281 3.5321343
281 3.5143704
283 3.5161037
283 3.4992301
284 3.5009549
284 3.4843895
281 3.5460994
281 3.5280282
281 3.5497649
281 3.5332947
282 3.5348656
282 3.518622
281 3.5562012
276 3.5999315
276 3.5822594
277 3.5832155
277 3.5680082
279 3.5684927
279 3.552761
278 3.5727508
278 3.5561616
280 3.5586536
280 3.5431201
278 3.5809717
278 3.56503
279 3.5666678
279 3.5515058
276 3.6064343
276 3.590473
277 3.591395
277 3.5763361
275 3.6310058
275 3.6150892
276 3.6160707
276 3.6008587
276 3.617135
276 3.6041603
276 3.5888233
277 3.591306
277 3.5754228
276 3.611083
276 3.5960343
276 3.6137323
276 3.5991602
277 3.6008828
277 3.5860062
278 3.5875916
278 3.5735948
279 3.571778
279 3.560802
279 3.5463865
281 3.547586
281 3.5310168
282 3.5360565
282 3.5211267
280 3.5549347
280 3.5408301
272 3.6685402
272 3.6540422
272 3.6717603
272 3.6576445
273 3.6572704
273 3.6441684
273 3.630099
274 3.6316273
274 3.6172163
275 3.6186159
275 3.6048589
275 3.6219854
275 3.6089683
273 3.6546643
273 3.6412475
271 3.6717706
271 3.6580667
270 3.689329
270 3.67566
268 3.7216663
268 3.7067845
267 3.7367685
267 3.7245297
268 3.7232661
268 3.7121768
268 3.6978111
269 3.6994715
269 3.6855211
269 3.7020752
269 3.6885245
270 3.6893613
270 3.67709
271 3.6777043
271 3.6648922
268 3.7215502
268 3.7092912
268 3.7229567
268 3.7111874
269 3.7117693
269 3.698346
269 3.7001767
269 3.6864362
270 3.6889899
270 3.6767182
270 3.69073
270 3.6789298
271 3.679019
271 3.6671891
272 3.667223
271 3.668756
271 3.6578948
272 3.6582968
272 3.6468205
273 3.6481135
273 3.6358914
274 3.6363635
274 3.6257596
275 3.625937
275 3.6146896
275 3.6293929
275 3.6173275
275 3.6184962
275 3.6071382
275 3.6205375
275 3.6092005
275 3.6354976
275 3.623958
275 3.6257162
275 3.6139638
276 3.615114
276 3.6047604
277 3.60571
277 3.5944746
276 3.6202195
276 3.6092718
276 3.6101522
275 3.6236713
275 3.6128564
274 3.6378968
274 3.6276712
273 3.6517324
273 3.6412692
273 3.6542833
273 3.6435275
273 3.644496
273 3.6338322
273 3.6466298
273 3.6357665
274 3.6370015
274 3.6258495
275 3.6270635
275 3.6164267
276 3.6181204
276 3.6070712
276 3.6089466
276 3.5988126
277 3.5993419
277 3.589171
277 3.5790167
278 3.5803308
278 3.569815
279 3.5709457
279 3.5612376
279 3.5737092
279 3.5638874
280 3.5646653
280 3.5548053
279 3.5781941
279 3.5681145
279 3.5697758
279 3.559931
280 3.5612924
280 3.5509424
281 3.5529788
281 3.5435169
282 3.5441391
282 3.5349824
282 3.5352066
282 3.5261614
282 3.5163329
282 3.529072
282 3.5195494
283 3.520902
283 3.5111167
284 3.5127072
284 3.503588
284 3.5045624
284 3.4955125
285 3.4973822
285 3.4874856
286 3.4886749
286 3.4804473
286 3.4917936
286 3.482772
286 3.484105
286 3.4750423
284 3.5075486
284 3.4983633
284 3.5093446
284 3.5008802
284 3.511906
284 3.5033717
284 3.514619
284 3.506156
285 3.5071852
285 3.4978702
285 3.4993353
285 3.4909236
286 3.4918773
286 3.483525
286 3.4744563
286 3.4859722
286 3.4773185
287 3.476553
287 3.4704862
287 3.461798
287 3.4727302
287 3.4643493
287 3.4750872
287 3.4668422
287 3.4681969
287 3.459774
288 3.4612055
288 3.4524095
289 3.4545455
289 3.445643
289 3.4468968
289 3.4390378
289 3.4497466
289 3.4419827
288 3.4619374
288 3.4535003
286 3.4926624
284 3.502758
284 3.5136247
283 3.514791
283 3.5065854
283 3.5170748
283 3.5088694
283 3.5192728
283 3.5111325
284 3.5123205
284 3.5039763
283 3.5233178
283 3.5156286
284 3.5167317
284 3.508708
284 3.5097265
284 3.502231
285 3.5029116
285 3.4954956
285 3.4959378
285 3.4883513
285 3.4807038
286 3.4813657
286 3.4743257
287 3.475154
287 3.467388
287 3.468873
287 3.4613993
288 3.4620976
288 3.4549754
289 3.4555342
289 3.447944
289 3.4491189
289 3.4418159
289 3.452144
289 3.4446855
288 3.462514
288 3.455425
289 3.4563305
289 3.4490767
288 3.4674838
288 3.459941
288 3.461509
288 3.4541283
289 3.4549663
289 3.4477193
289 3.4485388
289 3.4418604
289 3.4341645
287 3.469386
287 3.4618938
286 3.4795003
286 3.4722514
287 3.473324
287 3.466089
287 3.475369
287 3.468736
287 3.4699793
287 3.4621804
288 3.4636602
288 3.4561641
287 3.4739046
287 3.4671564
287 3.4747205
287 3.4691045
287 3.4617014
287 3.471206
287 3.4641376
288 3.4655309
288 3.4582784
288 3.459287
288 3.4524662
288 3.4611802
288 3.4545498
289 3.4556959
289 3.4488263
289 3.4575887
289 3.4508805
289 3.4443352
289 3.4452443
289 3.438436
290 3.439571
290 3.4325304
290 3.441394
290 3.4350517
284 3.5061905
284 3.499754
285 3.5004287
285 3.4935925
283 3.5256112
283 3.5191343
283 3.5273914
283 3.5209637
283 3.5292122
283 3.5227787
282 3.5390215
282 3.5322425
282 3.5331366
282 3.5263946
283 3.5273504
283 3.52027
283 3.521501
283 3.5148323
283 3.5232563
283 3.5169013
284 3.5174932
283 3.518744
283 3.5120897
284 3.512793
284 3.50628
282 3.5292187
282 3.5230153
281 3.545941
281 3.5393896
282 3.5401638
282 3.5339348
280 3.5565395
280 3.5505922
281 3.551079
281 3.54485
281 3.552697
281 3.54654
280 3.5690305
280 3.562556
280 3.5704157
280 3.564118
280 3.5575843
278 3.5798748
278 3.5736718
279 3.5744398
279 3.5679858
279 3.5759935
279 3.569662
279 3.5773056
279 3.570791
279 3.5793226
279 3.57242
279 3.580512
279 3.5741386
278 3.5890503
278 3.5826843
278 3.590449
278 3.5844312
278 3.58496
278 3.578671
278 3.5934687
278 3.5868359
278 3.587782
278 3.5816069
279 3.5823097
279 3.5763888
279 3.5828881
278 3.5845273
278 3.5779905
277 3.593029
277 3.5866723
278 3.587037
278 3.581205
278 3.581701
278 3.5755794
278 3.5899045
278 3.584083
278 3.591226
278 3.5857387
277 3.6063151
277 3.6001165
277 3.6078644
277 3.6015377
277 3.6022327
277 3.596397
277 3.596712
277 3.590977
278 3.5913727
278 3.5857372
278 3.5795226
278 3.5868769
278 3.580896
277 3.594832
277 3.5891664
278 3.589608
278 3.583709
278 3.5909364
278 3.5852668
278 3.5859716
278 3.5800464
278 3.587303
278 3.5814185
278 3.582148
278 3.5759416
279 3.5772593
279 3.570872
279 3.5783744
279 3.572353
277 3.6053498
277 3.5994427
277 3.600389
277 3.5945086
277 3.6082542
277 3.60231
277 3.602877
277 3.5971684
277 3.5977647
277 3.5920136
278 3.5927992
277 3.593377
278 3.593862
277 3.6010606
277 3.6012356
277 3.59567
277 3.5902572
275 3.6223223
275 3.6166363
274 3.636113
274 3.6304457
274 3.6369543
274 3.6317573
275 3.6321497
275 3.6262534
274 3.6394348
274 3.6338155
274 3.6467652
274 3.6411066
274 3.6419303
274 3.6360948
273 3.6490064
273 3.643155
274 3.643881
274 3.638346
274 3.638877
274 3.633277
275 3.6339025
275 3.628372
275 3.628959
275 3.6234303
275 3.6239347
275 3.6247888
275 3.6192696
275 3.6196475
275 3.614153
276 3.614733
276 3.6093712
276 3.609762
276 3.6043804
277 3.6049068
277 3.599699
277 3.6002955
277 3.595024
277 3.5953267
277 3.5902488
277 3.6027496
277 3.597314
276 3.6099591
276 3.6044219
276 3.6109588
276 3.605458
276 3.6118894
276 3.6065516
277 3.6068108
277 3.6022549
277 3.5968492
276 3.6091192
276 3.603761
277 3.60463
277 3.598939
277 3.5997288
277 3.5945406
277 3.6009686
277 3.5954614
277 3.5963137
277 3.5911808
276 3.6088014
276 3.6035416
275 3.6215692
275 3.616202
275 3.628074
275 3.623209
274 3.6406107
274 3.6353295
274 3.6362398
274 3.6310203
275 3.6312754
274 3.6319408
274 3.6271393
274 3.6329992
274 3.6279647
275 3.6283042
275 3.6231275
274 3.6351397
274 3.6298454
274 3.6359365
274 3.6311023
275 3.6314952
275 3.6267006
273 3.6547916
273 3.6497974
273 3.6500602
273 3.644965
274 3.645718
274 3.6404011
273 3.652192
273 3.6471217
274 3.6475868
274 3.642597
274 3.6486137
274 3.6435559
274 3.6440434
274 3.6393242
274 3.6340618
274 3.640327
274 3.6351368
274 3.6410074
274 3.6363437
274 3.6366594
274 3.6315417
274 3.64283
274 3.637875
273 3.654691
273 3.650087
273 3.6556783
273 3.6508303
273 3.6566207
273 3.651726
273 3.6573434
273 3.652383
272 3.6692746
272 3.6641548
272 3.670115
272 3.66528
272 3.6655493
272 3.6607137
273 3.6609108
273 3.6562684
273 3.6567607
273 3.6519043
273 3.657683
273 3.6528
273 3.6535432
272 3.6588755
273 3.6592453
273 3.6546154
273 3.6500733
272 3.671179
272 3.6663802
271 3.6826665
271 3.6778839
271 3.6780536
271 3.673537
271 3.6739023
271 3.6692317
271 3.684952
271 3.6802416
270 3.6909487
270 3.6859205
270 3.6916473
270 3.6869528
270 3.697558
270 3.692698
270 3.6983874
270 3.693708
270 3.6938348
270 3.6893797
270 3.6894932
270 3.6852045
270 3.6804404
271 3.6805654
271 3.6761732
271 3.6763961
271 3.6716866
270 3.6873972
270 3.682815
271 3.6832504
271 3.6784263
270 3.6888533
270 3.6840525
269 3.709555
269 3.7051277
269 3.705514
269 3.700918
270 3.7012532
270 3.6964903
270 3.692088
269 3.7023451
269 3.6977634
270 3.6982284
270 3.693426
270 3.698918
270 3.694363
270 3.6996586
270 3.6950774
270 3.6954334
270 3.6906881
270 3.6913557
270 3.6868253
270 3.6969752
270 3.692467
270 3.6977673
270 3.6929994
270 3.6984117
270 3.6939597
270 3.6895182
270 3.6945395
270 3.6900904
270 3.695295
270 3.6907492
270 3.6915128
270 3.6868932
270 3.687305
270 3.6826313
271 3.6834354
271 3.6786368
271 3.6840167
271 3.6795452
271 3.680138
271 3.6756117
271 3.6807246
271 3.676418
271 3.6814828
271 3.677151
270 3.6917505
270 3.6871898
271 3.687699
269 3.7070093
269 3.707075
269 3.7031105
269 3.6985972
270 3.6986384
270 3.694801
270 3.699692
270 3.6953428
269 3.7097335
269 3.7054343
269 3.705605
269 3.7012005
270 3.7019272
270 3.6975026
269 3.7068865
269 3.7029989
269 3.703017
269 3.6987488
268 3.7176783
268 3.7134714
269 3.7135792
269 3.709421
269 3.7053745
269 3.7055085
269 3.7012544
269 3.706388
269 3.7020237
269 3.701958
269 3.697728
269 3.7029765
269 3.6987545
270 3.6991146
270 3.6948895
268 3.722575
268 3.718181
267 3.7411742
267 3.7370222
267 3.7373366
267 3.7330801
267 3.7336342
267 3.7290719
267 3.743024
267 3.7387803
267 3.7437866
267 3.7394338
267 3.7395918
267 3.7355716
267 3.7356834
267 3.7315269
267 3.7362735
267 3.7322752
267 3.72787
267 3.7285376
267 3.724246
268 3.724552
268 3.7203734
268 3.7208478
268 3.7167814
268 3.725934
268 3.7216573
268 3.721931
268 3.7180123
268 3.7182083
268 3.7139757
269 3.7141917
269 3.7105262
269 3.7104857
269 3.706767
269 3.7069256
269 3.7028143
269 3.702767
269 3.6986372
269 3.7169058
269 3.7128174
268 3.7174883
268 3.7178109
268 3.713944
268 3.714093
268 3.7100296
268 3.7149029
268 3.710511
268 3.7153573
268 3.7111661
269 3.7116365
269 3.707634
268 3.72513
268 3.7211697
268 3.7212927
268 3.7218933
268 3.7176945
268 3.722487
268 3.718328
268 3.718644
268 3.714672
268 3.719305
268 3.7153254
268 3.7196636
268 3.7159128
268 3.7203987
268 3.7166548
267 3.7294836
267 3.72555
268 3.7258391
268 3.7219641
267 3.730637
267 3.72675
268 3.7268643
268 3.7230833
268 3.7191691
268 3.727628
268 3.72406
268 3.7243948
268 3.7203872
268 3.7204614
268 3.7167914
268 3.7168849
268 3.7132568
269 3.713323
269 3.709829
269 3.7141473
269 3.7100763
269 3.7146919
268 3.7149708
269 3.7152493
269 3.711622
269 3.711583
269 3.7080886
269 3.704099
269 3.7126682
269 3.7087276
268 3.7172134
268 3.7133522
268 3.7178822
268 3.714119
269 3.7143497
269 3.7108095
269 3.7107863
269 3.7069705
269 3.7155247
269 3.7118018
268 3.7161012
268 3.7123551
268 3.7166603
268 3.7131314
268 3.729235
268 3.7256713
268 3.7257674
268 3.7221842
268 3.722224
268 3.7187111
268 3.7189934
268 3.7152522
269 3.7153735
269 3.711807
269 3.7081583
269 3.7083015
269 3.7046638
269 3.7091782
269 3.7052515
268 3.7177088
268 3.7136333
267 3.7380803
267 3.7342572
267 3.7344613
267 3.7307675
267 3.7310631
267 3.727233
267 3.7313876
267 3.728064
268 3.7280235
268 3.7244751
267 3.7326481
267 3.7287948
268 3.7293825
268 3.7255986
268 3.7258377
268 3.7221668
268 3.7225547
268 3.7189665
268 3.7190952
268 3.7195861
268 3.715592
268 3.7162004
268 3.712405
268 3.7167943
268 3.712876
269 3.7131827
269 3.709506
269 3.710102
269 3.7063632
269 3.7066607
269 3.7031045
269 3.7033758
269 3.699815
269 3.7039742
269 3.7004337
269 3.7082345
269 3.704825
269 3.704951
269 3.7092133
269 3.7056422
269 3.7059088
269 3.7024045
269 3.7142434
269 3.7105396
269 3.7109983
269 3.707291
269 3.7077658
269 3.704139
269 3.7042649
269 3.7007608
270 3.7010572
270 3.697493
270 3.6980574
270 3.6944187
270 3.6948595
270 3.6912727
270 3.6953497
270 3.6917276
270 3.6957965
270 3.6923883
270 3.6928978
270 3.6891117
270 3.6932507
270 3.6899543
270 3.6863744
269 3.7017295
269 3.698145
270 3.6984396
270 3.6950026
270 3.6952858
270 3.6918716
270 3.6956997
270 3.6925242
270 3.7002776
270 3.6965299
Start time: 17/12/2018 02:05:23.431
End time: 17/12/2018 02:09:54.011
Duration: 270580 milliseconds (270.58 seconds)
Average latency: 270 milliseconds
Reads average latency: 12 milliseconds
Writes average latency: 518 milliseconds
Average throughput: 3.6957648 operations per second
Number of requests: 1000
Number of reads: 490
Number of writes: 510
Number of timeouts: 0
Percentage of writes: 50%
Number of replicas: 8
