0 3.6764703
0 1.8691587
0 1.2886598
483 1.9436345
483 1.5748031
483 1.3166556
546 1.7094017
546 1.4947684
568 1.7064846
568 1.5961691
568 1.4466546
567 1.6616815
567 1.5295197
565 1.7016449
447 2.1282256
447 1.9806882
411 2.3485205
411 2.2133687
397 2.5094101
289 3.3959248
289 3.215434
268 3.631082
268 3.4746351
279 3.568532
269 3.6752956
269 3.6775973
254 3.8478615
254 3.7095165
249 3.9906425
249 3.858949
257 3.8629925
257 3.7457862
257 3.6297638
269 3.639779
269 3.5380049
278 3.5359116
278 3.4557235
278 3.3571131
282 3.4800408
282 3.3932135
294 3.3954213
294 3.3314297
294 3.2473557
300 3.2670841
300 3.1954553
299 3.3000433
299 3.229096
306 3.2445922
306 3.1813362
306 3.1187525
312 3.136025
312 3.0731409
312 3.1659882
312 3.1076581
311 3.1958165
311 3.1388216
315 3.1539109
315 3.0989602
315 3.0460978
302 3.264273
302 3.2112195
307 3.2237265
307 3.1729915
307 3.246956
307 3.19587
306 3.263037
306 3.2217648
306 3.1734836
294 3.3593976
294 3.3108804
293 3.3766675
293 3.3296337
292 3.3935413
292 3.350446
291 3.4115138
291 3.364879
275 3.633155
275 3.5869844
275 3.5385704
278 3.542914
278 3.5028863
276 3.606765
276 3.564547
278 3.5685396
278 3.5269222
277 3.5783994
277 3.53779
280 3.5441658
280 3.504358
277 3.5974417
277 3.557156
279 3.5642874
279 3.5243049
283 3.5287616
280 3.5356512
280 3.497814
276 3.5852633
276 3.5482688
276 3.5937817
276 3.5574386
270 3.6805446
270 3.644629
267 3.725985
267 3.69103
264 3.7691312
264 3.7337358
266 3.7372003
266 3.7012362
269 3.7007182
269 3.6716592
272 3.6619515
272 3.6419466
272 3.6099806
274 3.612134
274 3.5812385
277 3.5853415
277 3.553126
273 3.6587846
270 3.6614041
272 3.6594696
270 3.6688151
270 3.637436
270 3.6727662
270 3.6433985
272 3.6456668
272 3.617325
275 3.620337
275 3.592964
272 3.6551745
272 3.6299875
274 3.631481
274 3.6048589
277 3.604253
264 3.7598472
264 3.7806067
258 3.8515816
258 3.8196874
259 3.8542905
259 3.8251367
260 3.8278058
257 3.8571713
255 3.9137292
255 3.887568
257 3.8860822
257 3.8614297
257 3.8343558
257 3.8601642
257 3.836179
259 3.8368661
259 3.8116057
261 3.8130546
261 3.788975
261 3.815198
261 3.7906325
261 3.8177786
261 3.7930238
261 3.8200989
261 3.7966034
261 3.7721615
254 3.9229405
254 3.8996525
254 3.9241817
254 3.9001176
255 3.901773
255 3.877378
255 3.901734
255 3.8797748
256 3.903089
256 3.8801875
256 3.8579159
256 3.8813157
256 3.8585806
254 3.9069724
254 3.8831828
256 3.8847375
256 3.8631096
258 3.8638828
258 3.8420923
259 3.8419442
259 3.8204393
259 3.800601
260 3.8228316
260 3.8016167
262 3.8026946
262 3.78223
260 3.826558
260 3.8066726
262 3.8071337
262 3.7870774
263 3.7879584
263 3.7692387
264 3.770362
264 3.7498186
266 3.75134
266 3.7325678
267 3.733018
266 3.7346756
266 3.7158957
266 3.7374165
266 3.7187357
266 3.7400284
266 3.7215197
265 3.7623608
265 3.7439969
266 3.7451723
266 3.7277935
266 3.7471993
265 3.749279
265 3.7312717
257 3.8629878
257 3.8471744
258 3.8476048
258 3.8296912
258 3.8491004
258 3.8321304
259 3.832198
259 3.814473
261 3.8150437
261 3.798393
260 3.8350387
260 3.8179681
261 3.8192005
261 3.8014631
259 3.8381207
259 3.8211353
261 3.8217237
261 3.8049605
259 3.8410945
259 3.8249266
261 3.8250227
261 3.808205
261 3.8234332
261 3.8097854
261 3.79351
260 3.8292007
260 3.812267
259 3.8469324
259 3.8309026
260 3.8314817
260 3.8153949
260 3.8328161
260 3.816983
261 3.8176103
261 3.8027177
262 3.7997391
262 3.7880635
262 3.7727296
263 3.7891002
263 3.7714047
263 3.7916965
263 3.775689
264 3.7767587
264 3.7624295
265 3.7626536
265 3.747785
265 3.7651541
265 3.750681
266 3.749903
264 3.7679908
264 3.7528071
265 3.7538688
265 3.7396016
264 3.7709455
264 3.7566082
263 3.7876503
263 3.7740386
259 3.8490343
259 3.8349051
260 3.8355188
260 3.8212035
261 3.8218067
261 3.8082633
261 3.8232796
261 3.8092182
261 3.8237305
261 3.8111522
262 3.8095236
261 3.8125653
261 3.7983575
261 3.813414
261 3.7996302
262 3.8004482
262 3.7871294
261 3.8163638
261 3.802495
262 3.8032384
262 3.7899902
263 3.7906666
263 3.7776058
264 3.778216
264 3.765288
264 3.7798383
264 3.7662728
265 3.7678874
265 3.7544558
266 3.7559447
266 3.7432508
265 3.7709012
265 3.7583427
265 3.758747
265 3.746861
265 3.7595975
264 3.774033
264 3.762861
263 3.789667
263 3.7770371
263 3.7775667
263 3.7659893
263 3.7789571
263 3.7668672
263 3.7804754
263 3.7682161
264 3.769679
264 3.7576265
265 3.7578714
265 3.7460768
266 3.7469249
266 3.7351444
265 3.7612836
263 3.7871685
262 3.7998655
262 3.788067
263 3.7886763
263 3.7767985
264 3.7782292
264 3.7664552
262 3.815627
262 3.8040895
261 3.8165154
261 3.8056452
261 3.7938285
262 3.7947235
262 3.7830567
262 3.8076081
262 3.796199
261 3.8206553
261 3.8096368
262 3.8103805
262 3.7987378
261 3.8233047
261 3.8114226
261 3.8238459
261 3.8126109
262 3.812845
262 3.8025897
262 3.8028088
262 3.7916331
262 3.8154342
262 3.8048522
262 3.804714
262 3.7940073
262 3.7832742
261 3.8180046
261 3.8072214
262 3.8077214
262 3.7968998
262 3.8087132
262 3.7982461
262 3.798808
262 3.7882576
263 3.7890537
263 3.7781708
264 3.7788649
264 3.768444
262 3.813072
262 3.8024478
262 3.8139658
262 3.8041413
262 3.8153045
262 3.8045828
262 3.804371
262 3.8058379
262 3.79588
262 3.7961824
262 3.7863433
261 3.818499
261 3.8082914
262 3.808718
262 3.7988307
262 3.810125
262 3.7996871
262 3.8008084
262 3.7904894
262 3.8012915
262 3.7914596
263 3.792039
263 3.782242
264 3.7828033
264 3.772964
263 3.7944825
263 3.7845469
263 3.795144
263 3.7856045
263 3.7861102
263 3.776527
263 3.7971742
263 3.7880313
263 3.7883356
263 3.778691
264 3.779055
264 3.7703855
265 3.7702065
264 3.7715251
264 3.7617059
265 3.762257
265 3.752918
264 3.7709167
264 3.7643735
264 3.7549503
263 3.7850704
263 3.775531
259 3.8441005
259 3.8350167
259 3.8544023
259 3.845042
259 3.8455622
259 3.8361945
259 3.855869
259 3.8466678
259 3.8469963
259 3.8378236
259 3.857052
259 3.8483722
259 3.8579082
259 3.8486874
259 3.8495846
259 3.8404615
260 3.8405113
260 3.8319175
260 3.8226159
260 3.8323777
260 3.8237908
260 3.82388
260 3.8150353
261 3.8155305
261 3.806606
261 3.816724
261 3.8076282
262 3.8084478
262 3.7993784
262 3.7997296
262 3.7916148
263 3.791606
263 3.7836134
264 3.7840657
264 3.7751076
264 3.766832
264 3.7761116
264 3.7677364
263 3.7860274
263 3.777567
264 3.7783933
264 3.770253
264 3.7794027
264 3.770898
261 3.815254
261 3.8069067
260 3.833492
260 3.825008
260 3.8345492
260 3.826265
261 3.8262436
261 3.8180468
261 3.8182743
261 3.8104904
262 3.810603
262 3.8023138
262 3.8117704
262 3.8036108
262 3.8036728
262 3.7956948
263 3.7960954
262 3.805336
262 3.79718
262 3.7972872
262 3.7894065
262 3.806649
262 3.7984955
262 3.799424
262 3.7913191
263 3.791816
263 3.783887
262 3.8093345
262 3.8011189
262 3.8015916
262 3.7937078
263 3.7940066
263 3.7866368
263 3.793391
263 3.7872605
263 3.7794867
264 3.7799346
264 3.772238
264 3.7730348
264 3.7651393
265 3.7655218
265 3.7580976
265 3.7584627
265 3.7509317
265 3.7674878
265 3.7599988
265 3.7604468
265 3.7528522
265 3.7457345
266 3.7460303
266 3.7386281
266 3.7470615
266 3.7397158
264 3.7793965
264 3.7721052
264 3.772433
264 3.7651837
265 3.7656415
265 3.7582867
263 3.7897909
263 3.782506
264 3.7828095
264 3.7755952
264 3.7836463
264 3.7764292
263 3.7921822
263 3.7849183
263 3.7929766
263 3.7857392
263 3.793823
263 3.7864962
263 3.7945478
263 3.787362
263 3.7877069
263 3.7808752
264 3.7809463
263 3.7892458
263 3.7820804
263 3.7822614
263 3.7752492
263 3.7905073
263 3.7835624
262 3.798833
262 3.791617
263 3.7923958
263 3.7851343
261 3.822314
261 3.815332
261 3.8155875
261 3.8088949
261 3.8235877
261 3.8169334
261 3.8243148
261 3.8173778
261 3.8247592
259 3.840095
259 3.8327777
260 3.8328304
260 3.82619
260 3.826503
260 3.8195941
260 3.8343337
260 3.8275454
260 3.8349812
260 3.8280244
259 3.8426716
259 3.835862
260 3.836099
260 3.8292713
260 3.8295734
260 3.822781
261 3.823067
261 3.8166595
261 3.823796
261 3.8170886
261 3.8244667
261 3.817701
260 3.8322198
260 3.8253307
260 3.8325903
260 3.8331738
260 3.826186
259 3.8395286
259 3.833667
259 3.8408494
259 3.834345
259 3.8414228
259 3.8348873
260 3.835196
260 3.8286672
260 3.8357325
260 3.8292246
260 3.8362126
260 3.8297787
260 3.836742
260 3.8305879
259 3.844179
259 3.837723
260 3.8378413
260 3.8317783
259 3.8585424
259 3.852106
259 3.8520439
259 3.8526766
259 3.846282
259 3.8465378
259 3.8401232
259 3.8469958
259 3.8406525
259 3.8475523
259 3.8410518
259 3.8417184
259 3.8350976
260 3.8354185
260 3.8293324
260 3.8293612
260 3.8230796
260 3.8299425
260 3.823606
260 3.836999
260 3.8306963
260 3.831045
260 3.8248713
261 3.8251543
261 3.8188868
261 3.8192275
261 3.81299
260 3.8392644
260 3.8329158
260 3.8331091
260 3.8270357
261 3.8272629
261 3.821145
261 3.8215992
260 3.828401
261 3.8282366
261 3.8226638
261 3.8165286
261 3.8165772
261 3.8105676
259 3.842284
259 3.8362527
257 3.8741953
257 3.868157
256 3.8932877
256 3.8872147
256 3.8874388
256 3.8813694
256 3.8877158
256 3.8817132
256 3.8942788
256 3.8882363
256 3.888697
256 3.8824658
256 3.895001
256 3.8889947
256 3.8891172
256 3.8832097
257 3.8833644
257 3.877389
257 3.8837438
257 3.8778331
257 3.8780422
257 3.8721347
258 3.8722577
257 3.8788068
257 3.8729012
257 3.8728824
257 3.867004
257 3.8792324
257 3.8734784
257 3.8737144
257 3.867916
257 3.8743005
257 3.8681948
257 3.8862727
257 3.8805826
257 3.880691
257 3.8749568
256 3.8929641
256 3.8873441
256 3.899096
256 3.8933458
256 3.8994622
256 3.8937511
256 3.8938844
256 3.8881524
257 3.8877242
257 3.882814
257 3.8769875
257 3.8771892
257 3.8716815
256 3.8891277
256 3.8834615
256 3.8952231
256 3.889609
256 3.895616
256 3.8899055
256 3.8958719
256 3.8903117
256 3.890335
256 3.8850663
256 3.891006
256 3.885084
257 3.8855367
257 3.8799276
257 3.8857963
257 3.8803134
257 3.885922
257 3.880631
257 3.8751125
257 3.8753114
257 3.8697286
257 3.8810852
257 3.875707
256 3.8870232
256 3.8818262
256 3.887449
256 3.8820267
257 3.88217
257 3.87677
257 3.8826287
257 3.877027
256 3.8938644
256 3.8885431
256 3.8886976
256 3.883269
257 3.8834736
257 3.878046
257 3.8892903
257 3.883891
257 3.8840292
257 3.878716
257 3.8789248
257 3.873548
258 3.873721
257 3.879633
257 3.8740232
257 3.8799822
257 3.8746822
257 3.879992
257 3.8750224
257 3.875213
257 3.8697596
257 3.8753405
257 3.8700693
257 3.8755722
257 3.8706899
258 3.870822
258 3.8654604
258 3.8658273
258 3.860425
258 3.8606322
258 3.8553958
259 3.8556094
259 3.850435
259 3.8508384
259 3.8457656
259 3.8510911
259 3.8460112
259 3.8461742
259 3.8410735
260 3.8413236
260 3.836445
259 3.852287
259 3.8471444
259 3.847668
259 3.842424
259 3.8375556
260 3.8374872
260 3.832718
260 3.8327162
260 3.8277063
260 3.8333907
260 3.8284123
260 3.8283768
260 3.8236759
259 3.8497162
259 3.8448222
259 3.849985
259 3.8450634
258 3.8609045
258 3.8558626
259 3.85583
259 3.8511438
259 3.8511174
259 3.8460164
258 3.8617337
258 3.8570445
258 3.867378
256 3.887724
257 3.887768
257 3.8830516
257 3.8780322
257 3.8780882
257 3.8732839
256 3.8936245
256 3.8886564
256 3.8988514
256 3.8940065
255 3.9042284
255 3.8993104
256 3.8994563
256 3.8944592
255 3.9048438
255 3.899755
256 3.8998992
256 3.8950624
256 3.8951542
256 3.890142
256 3.8855088
256 3.8905685
256 3.8857539
257 3.885991
257 3.8811557
257 3.8862147
257 3.8814292
257 3.8864946
257 3.8816824
256 3.8916235
256 3.8866453
257 3.8870695
257 3.8822987
257 3.8824425
257 3.8777082
257 3.877914
257 3.8731213
257 3.882976
256 3.8977175
256 3.8932388
256 3.8931606
256 3.8883595
256 3.8886821
256 3.8840292
256 3.8984194
256 3.8937473
256 3.8987198
256 3.8939836
256 3.898944
256 3.8942564
256 3.8944201
256 3.8896933
256 3.8900476
256 3.8852632
256 3.8901243
256 3.885573
256 3.8905885
256 3.8858075
257 3.885943
257 3.8813446
257 3.881448
257 3.8816247
257 3.8769927
257 3.8771193
257 3.8727953
257 3.8774083
257 3.873094
258 3.8730793
258 3.8685262
258 3.873358
258 3.8688695
258 3.8690407
258 3.8644414
258 3.8692553
258 3.8648286
258 3.869559
258 3.8651063
257 3.8792205
257 3.8746233
257 3.8796072
257 3.8750203
257 3.8797238
257 3.8753974
257 3.870742
257 3.8848968
257 3.8802404
256 3.8943527
256 3.889767
256 3.8940418
256 3.8895922
255 3.9083369
255 3.9038806
255 3.9040077
255 3.899549
255 3.9042792
255 3.899848
255 3.904585
255 3.8999863
255 3.9182153
255 3.9137528
255 3.9141152
255 3.9095087
255 3.9185836
255 3.914141
255 3.9144661
255 3.909915
255 3.918931
255 3.9147007
255 3.914796
255 3.91044
255 3.914829
255 3.9151857
255 3.9105647
255 3.910664
255 3.906354
255 3.906458
255 3.9020758
256 3.9023569
256 3.8980923
256 3.8982048
256 3.8937302
256 3.8938131
256 3.8897135
256 3.889715
256 3.8854582
256 3.8900766
256 3.8856752
257 3.8858004
257 3.8815322
256 3.9035351
256 3.899206
255 3.9163523
255 3.9121892
255 3.9170115
255 3.9127033
255 3.912815
255 3.9085884
255 3.908603
255 3.9089725
255 3.9045103
255 3.909186
255 3.90475
255 3.904903
255 3.9008682
256 3.9007733
256 3.896567
256 3.8966947
256 3.8925517
256 3.8926668
256 3.888454
256 3.884499
257 3.88444
257 3.880266
257 3.8804102
257 3.8762658
257 3.8807302
257 3.876759
257 3.8851588
257 3.88106
257 3.8811367
257 3.877231
257 3.8814366
257 3.8773425
257 3.8774717
257 3.8734396
258 3.8737192
258 3.869504
258 3.869527
258 3.8656986
258 3.8614728
258 3.8614078
258 3.8577118
259 3.8579087
259 3.8537736
258 3.8663607
258 3.8623698
258 3.8624809
258 3.8586946
259 3.858777
259 3.8546345
259 3.8548331
259 3.8507833
259 3.850953
259 3.8469636
259 3.8471053
259 3.8433495
259 3.839206
259 3.855814
259 3.8518395
258 3.8643615
258 3.8603237
258 3.8606403
258 3.8565667
258 3.860783
258 3.8568752
259 3.8569584
259 3.853282
259 3.8532586
259 3.8492963
259 3.8494334
259 3.8455765
259 3.853791
259 3.8499064
259 3.8540711
259 3.8504117
259 3.8544278
259 3.8505735
259 3.850693
259 3.8468347
259 3.854982
259 3.8511426
259 3.8512921
259 3.8475873
259 3.847401
258 3.8597066
258 3.8559127
258 3.859956
258 3.856277
258 3.860327
258 3.856394
259 3.8567822
259 3.8527226
259 3.8528993
259 3.8491268
259 3.8572881
259 3.8533206
258 3.8614006
258 3.8576043
259 3.8576837
259 3.8539138
259 3.8580096
259 3.8541708
259 3.8543594
259 3.850547
259 3.8547812
259 3.85087
259 3.8588128
259 3.855011
259 3.855288
259 3.8515568
259 3.8515663
259 3.855816
259 3.8518405
259 3.8559012
259 3.852098
259 3.8563752
259 3.8524745
259 3.8564146
259 3.8528638
259 3.8528426
259 3.8491237
259 3.8492837
259 3.8455906
Start time: 17/12/2018 02:05:23.425
End time: 17/12/2018 02:09:43.161
Duration: 259736 milliseconds (259.736 seconds)
Average latency: 259 milliseconds
Reads average latency: 13 milliseconds
Writes average latency: 517 milliseconds
Average throughput: 3.8500633 operations per second
Number of requests: 1000
Number of reads: 511
Number of writes: 489
Number of timeouts: 0
Percentage of writes: 50%
Number of replicas: 8
