0 3.690037
0 1.8903593
0 1.2210013
479 1.9193857
479 1.6
479 1.2763242
547 1.6997167
547 1.4932802
567 1.7123288
567 1.5948964
567 1.4461316
417 2.324809
417 2.154509
430 2.2740195
281 3.4565277
281 3.2516258
293 3.2656868
293 3.1049013
314 3.1420193
314 3.001801
329 3.030877
297 3.2667875
297 3.1206658
321 3.0859184
321 3.0351436
323 3.0688965
267 3.6982248
267 3.565825
275 3.5822542
275 3.4588265
285 3.4713295
285 3.3703659
285 3.270349
297 3.2867708
297 3.197442
307 3.2076097
307 3.1347961
307 3.045259
318 3.0734556
318 2.9967036
331 3.010001
306 3.2310178
306 3.1536963
309 3.1821077
309 3.1061413
299 3.2994702
299 3.228547
299 3.3300033
299 3.2653062
299 3.2010243
280 3.527475
280 3.4567523
278 3.5423577
278 3.4771028
284 3.4858387
284 3.4236803
279 3.5739312
279 3.514333
279 3.4538805
284 3.4662046
284 3.409836
285 3.482523
285 3.4242232
290 3.4338515
290 3.381286
294 3.385527
294 3.3420863
294 3.2906334
284 3.4770513
284 3.4246573
288 3.4325588
288 3.3868191
291 3.3952138
291 3.352076
291 3.4111505
291 3.368244
295 3.3752208
295 3.3306005
295 3.2871447
299 3.2948928
299 3.2576506
303 3.2652664
303 3.2262723
294 3.378057
294 3.3385057
296 3.3457248
296 3.3079114
296 3.362108
296 3.325992
299 3.330669
299 3.2943861
301 3.303199
301 3.2676928
305 3.2742271
305 3.2407408
305 3.2061958
304 3.2567918
304 3.2218597
307 3.2301044
307 3.1973143
306 3.2463675
306 3.2132921
308 3.2211742
308 3.1897314
311 3.2004876
311 3.1678987
314 3.1750774
314 3.147099
316 3.1521459
316 3.1273863
312 3.1962652
312 3.17755
312 3.1485476
308 3.2261457
308 3.198109
307 3.2391453
307 3.21126
303 3.2871327
303 3.2582042
306 3.2611227
306 3.2400978
306 3.2100627
302 3.2791142
302 3.257434
304 3.2618082
304 3.2378895
304 3.2753842
304 3.2502031
303 3.2843778
303 3.261739
295 3.3872445
295 3.3619046
294 3.3945146
294 3.3722284
296 3.3679981
296 3.351758
296 3.32837
299 3.3295693
299 3.308305
298 3.343048
298 3.3170788
300 3.3243184
300 3.3000531
302 3.3039036
302 3.2820344
302 3.2575076
304 3.2652173
304 3.2426298
301 3.300153
301 3.2793005
303 3.2833767
303 3.2625568
295 3.3708744
295 3.3490834
297 3.3533678
297 3.3315394
298 3.3369844
298 3.3155322
298 3.2951
299 3.3236706
299 3.3025427
301 3.3088052
301 3.2867303
302 3.2912378
302 3.2713792
304 3.275372
304 3.2577972
304 3.2841504
304 3.2648811
305 3.2692807
303 3.2732458
303 3.2549055
305 3.2603416
305 3.2401876
303 3.2901502
303 3.2713146
304 3.2754297
304 3.2577682
306 3.2609668
306 3.2443724
306 3.225949
308 3.2294915
308 3.2115705
309 3.2173913
309 3.1993084
311 3.2029922
311 3.1860754
312 3.1909463
312 3.1734614
308 3.2407408
308 3.2247257
309 3.227956
309 3.2110376
308 3.2366462
308 3.2197862
310 3.2236345
308 3.2278366
308 3.2108886
309 3.2149172
309 3.1987844
309 3.2233675
309 3.2067142
307 3.2500787
307 3.2342162
308 3.2378871
308 3.2221746
309 3.2259934
309 3.2111678
307 3.250478
305 3.2572668
305 3.2404776
301 3.3012016
301 3.2858298
302 3.2884288
302 3.2739313
303 3.2767463
303 3.2615304
301 3.301783
301 3.2867107
295 3.3812034
295 3.3655412
296 3.3683984
296 3.3530571
291 3.4274085
291 3.4122412
292 3.41466
292 3.4003417
293 3.4025538
293 3.387581
293 3.4076288
293 3.3927057
294 3.3933923
293 3.3983831
293 3.3839211
292 3.4042554
292 3.3891985
292 3.408765
292 3.3939312
293 3.3964095
293 3.3820932
293 3.4025462
293 3.387254
294 3.3902767
294 3.3770492
295 3.3762293
295 3.3658535
295 3.351033
297 3.3479269
297 3.3385768
295 3.3762162
295 3.3619604
296 3.3646522
296 3.351302
297 3.3532217
297 3.3405476
298 3.3438022
298 3.3303761
299 3.3319902
297 3.3509371
297 3.3374348
293 3.4019337
293 3.3884337
293 3.3907068
293 3.3778157
294 3.380112
294 3.3674085
296 3.3696756
296 3.3583593
297 3.3597455
297 3.347206
298 3.3495152
298 3.3376462
295 3.3848135
295 3.3712785
296 3.3734167
296 3.3623676
297 3.3624845
297 3.3526144
297 3.3396401
293 3.399126
293 3.3868396
294 3.390167
294 3.3772805
294 3.3936014
294 3.3814592
294 3.3841894
294 3.3718827
294 3.3879006
294 3.376742
295 3.3783786
295 3.3676975
296 3.3694937
296 3.3572617
297 3.360224
297 3.3477454
298 3.351261
298 3.3401573
299 3.3413851
299 3.3312373
299 3.3326225
299 3.3218617
300 3.323139
299 3.3257666
299 3.3159204
298 3.343736
298 3.3332462
298 3.3355484
298 3.3238983
299 3.3259134
299 3.3162146
300 3.3174748
300 3.307014
301 3.3095233
301 3.2986069
301 3.3134863
301 3.3030868
302 3.3052847
302 3.2949345
302 3.2971442
302 3.2866786
299 3.338815
299 3.3284483
298 3.342867
298 3.3328395
297 3.3601654
297 3.3492413
296 3.3757339
296 3.3650742
295 3.3789942
294 3.3814082
294 3.3709087
293 3.3969355
293 3.3866553
294 3.3884506
294 3.3782978
295 3.380228
295 3.3702798
295 3.3838546
295 3.3739944
295 3.3757558
295 3.3661344
296 3.3681452
296 3.3578176
296 3.3714266
296 3.3615396
296 3.3750594
296 3.3651795
296 3.3676612
296 3.3582432
297 3.359309
297 3.3500073
297 3.3405294
298 3.3420947
298 3.3330696
298 3.3457627
298 3.336254
298 3.3501775
298 3.3401477
297 3.3531253
297 3.3438501
297 3.3567457
297 3.3472893
298 3.34953
298 3.3398886
298 3.342246
298 3.332532
298 3.3460126
298 3.3371015
299 3.338319
299 3.3296938
300 3.330531
299 3.33276
299 3.32347
300 3.32599
300 3.3170147
299 3.3291497
299 3.3202856
300 3.3219779
300 3.314124
299 3.3362803
299 3.3276646
299 3.3299475
299 3.3205247
299 3.3325696
299 3.32471
300 3.3257358
300 3.317144
300 3.3189034
300 3.3105094
301 3.312073
301 3.304449
302 3.305414
302 3.2974412
301 3.319157
301 3.3107219
301 3.3127298
301 3.3047526
302 3.3063
302 3.2975183
302 3.3094704
301 3.3114893
301 3.302924
300 3.324831
300 3.3161752
300 3.3178303
300 3.3099535
301 3.309665
301 3.3039215
301 3.2952635
300 3.3167496
300 3.3083909
301 3.3101654
301 3.3023117
302 3.3040605
302 3.2956865
301 3.3074696
301 3.299064
299 3.330239
299 3.3216567
299 3.3327303
299 3.3248155
299 3.335987
299 3.328259
297 3.3582687
297 3.3500838
297 3.361313
297 3.3530018
298 3.3545132
298 3.3470695
298 3.3482144
298 3.3405094
298 3.3327162
298 3.343524
298 3.3357906
298 3.3465726
298 3.3389595
298 3.349532
298 3.3419166
297 3.361605
297 3.3539357
296 3.3645911
296 3.356889
295 3.3855155
295 3.3781347
292 3.415147
292 3.4163969
292 3.4091823
291 3.418971
291 3.4120572
292 3.4126961
292 3.4054024
292 3.4158688
292 3.4085088
290 3.43576
290 3.4286919
289 3.4468544
289 3.4392831
289 3.4492095
289 3.441756
290 3.4428797
290 3.436098
288 3.462604
288 3.4551864
285 3.4995174
285 3.4921727
286 3.4929926
286 3.4855738
285 3.5037045
285 3.4962053
285 3.4972773
285 3.489942
286 3.490993
286 3.483967
286 3.4847322
286 3.4772797
286 3.470384
287 3.4712033
287 3.4639714
288 3.4650614
288 3.4578435
285 3.4920845
285 3.4854193
286 3.486629
286 3.4787927
287 3.4799244
287 3.472708
285 3.4985135
285 3.4915457
286 3.4911292
286 3.4852023
286 3.4780767
287 3.4791093
287 3.4723349
286 3.4814994
286 3.474214
286 3.4832528
286 3.4768052
287 3.4779396
287 3.4703577
287 3.4717777
287 3.464572
288 3.4656384
288 3.4588044
288 3.4519427
288 3.4608653
288 3.4540267
288 3.4630463
288 3.4562304
288 3.4571896
288 3.450818
289 3.4514873
289 3.445124
289 3.445937
289 3.4392068
290 3.440269
290 3.433949
290 3.4346452
290 3.428386
291 3.4291174
291 3.4228663
291 3.4236848
291 3.4171271
292 3.418215
292 3.4116929
292 3.4128652
292 3.406559
291 3.4305055
291 3.4237235
291 3.4324768
291 3.4261305
291 3.4271858
291 3.4210784
291 3.414327
291 3.4232721
291 3.4163625
291 3.4248364
291 3.418816
291 3.427076
291 3.4207187
291 3.429147
291 3.4228346
290 3.438556
290 3.4328063
289 3.4481237
289 3.4417725
290 3.4428198
290 3.4366775
290 3.4374542
290 3.431219
290 3.4395995
290 3.4332583
290 3.4265928
289 3.4500465
289 3.4435213
289 3.4447968
289 3.4383047
289 3.4470873
289 3.440441
287 3.4700608
287 3.4637413
287 3.4724452
287 3.465748
288 3.4666476
288 3.4604776
288 3.468781
288 3.4623837
288 3.4635518
288 3.4577465
288 3.4655344
288 3.459188
288 3.4601834
288 3.4540622
289 3.4549668
289 3.4495497
289 3.4569101
289 3.4511971
289 3.4582171
288 3.4600399
288 3.4537306
288 3.4551723
288 3.448798
289 3.4496741
289 3.4440649
289 3.451653
289 3.4457533
289 3.4534771
289 3.4476416
289 3.455265
289 3.4499855
285 3.4979255
285 3.491913
286 3.4928184
286 3.4869525
286 3.4945729
286 3.4889114
283 3.5229697
281 3.550851
281 3.5513167
281 3.545744
281 3.539599
281 3.5470197
281 3.5411046
281 3.5484748
281 3.542624
281 3.5434034
281 3.53758
281 3.5514731
281 3.5456095
281 3.546425
281 3.5405192
282 3.5412943
282 3.5354855
282 3.5362892
282 3.5304158
281 3.551312
281 3.5449712
281 3.5460303
281 3.5400636
281 3.547268
281 3.5414557
281 3.5489316
281 3.5430436
281 3.550311
281 3.54494
281 3.5451007
281 3.5399814
281 3.5465744
281 3.5413785
282 3.5419726
282 3.536059
282 3.5368388
282 3.537594
282 3.5381012
280 3.5578883
280 3.5525322
281 3.5529675
281 3.5478582
281 3.5484114
281 3.542659
281 3.5495343
281 3.5444617
280 3.557455
280 3.5516798
280 3.5647302
280 3.5597122
280 3.5661
280 3.560809
280 3.5679233
280 3.5619645
279 3.5752306
279 3.5694976
279 3.5700922
279 3.5649097
278 3.5836594
278 3.5783856
278 3.5912883
278 3.585604
277 3.5983903
277 3.5929306
278 3.5935473
278 3.5880897
278 3.582627
278 3.5837536
278 3.577839
278 3.5849407
278 3.5794077
278 3.5858414
278 3.580495
278 3.5870366
278 3.5816405
278 3.5884383
278 3.583184
278 3.5835052
278 3.5784438
279 3.5788987
279 3.573626
279 3.574129
279 3.5693004
280 3.5697877
280 3.5643494
279 3.5767143
279 3.5714285
279 3.5717213
279 3.5728488
279 3.567925
278 3.579841
278 3.5746305
278 3.5867922
278 3.5815868
278 3.588198
278 3.583026
278 3.583463
278 3.5782099
278 3.584849
278 3.579506
279 3.5801303
279 3.5749123
279 3.5755622
279 3.5704885
279 3.5767138
279 3.5719178
279 3.5723035
279 3.567121
280 3.5681412
279 3.568673
280 3.569021
280 3.5640337
280 3.5589802
280 3.5595016
280 3.5549898
280 3.5608609
280 3.5557802
279 3.5678823
279 3.562686
278 3.5856528
278 3.5806854
277 3.6035833
277 3.5986855
277 3.6045656
277 3.6000602
275 3.628153
275 3.622867
273 3.6568432
273 3.6515102
273 3.6577697
273 3.65247
273 3.6586506
273 3.6536455
273 3.6541607
273 3.6488752
273 3.644343
270 3.6938276
270 3.6940436
270 3.6890316
270 3.6839526
271 3.6845424
271 3.679823
271 3.6798577
271 3.6748986
270 3.6861277
270 3.681114
271 3.6817026
271 3.6770644
271 3.6772413
271 3.6721282
272 3.6725676
272 3.6676323
271 3.673443
271 3.6684608
272 3.6693332
272 3.6642134
271 3.6754928
271 3.6706507
272 3.6707175
272 3.6658561
272 3.6715498
272 3.6668937
271 3.6779256
271 3.6728284
272 3.6737227
272 3.668548
272 3.6689446
272 3.6641557
272 3.6645377
272 3.6598244
272 3.6551425
272 3.671428
272 3.6664376
270 3.6879256
270 3.6829445
271 3.683203
271 3.6783564
271 3.6842325
271 3.6792061
271 3.6848
271 3.6801088
271 3.6805017
271 3.6756957
271 3.6865697
271 3.6818812
269 3.7125418
269 3.7085156
269 3.7084525
269 3.7037604
269 3.7040434
269 3.6996136
269 3.7098773
269 3.7055647
269 3.7007747
269 3.7008724
269 3.6964557
270 3.6966524
270 3.6919167
270 3.6924906
270 3.687902
269 3.7032013
269 3.6985552
269 3.7039452
269 3.6991246
270 3.6996117
270 3.6951964
270 3.700582
270 3.695808
270 3.6959841
270 3.6965454
270 3.6918864
269 3.7024004
269 3.6978185
270 3.6982834
270 3.6934807
267 3.7283807
267 3.723771
268 3.7241106
268 3.7194996
267 3.730043
267 3.7250154
266 3.7501593
266 3.7453732
265 3.7603164
265 3.7557495
266 3.7560835
266 3.7514415
266 3.7519257
266 3.747409
266 3.7474973
266 3.743414
266 3.7385075
267 3.7388234
267 3.7342236
267 3.7349398
267 3.7300682
267 3.7354333
267 3.7306983
267 3.7314506
267 3.726589
268 3.7271302
268 3.722535
268 3.7227774
268 3.718571
268 3.7234373
268 3.7192757
268 3.7242887
268 3.7197123
268 3.729522
268 3.7251089
268 3.7253985
268 3.721229
268 3.7212768
268 3.7220082
268 3.7174723
268 3.7266965
268 3.722655
268 3.7229977
268 3.7186387
268 3.7189503
268 3.7148316
269 3.714991
269 3.710575
269 3.7112923
269 3.7066662
269 3.706938
269 3.7030506
269 3.712338
269 3.7080586
269 3.7084818
269 3.7042854
269 3.7090175
269 3.7048643
269 3.7008226
269 3.7007751
269 3.6969001
269 3.710839
269 3.7064695
269 3.7065678
269 3.7023494
269 3.7028413
269 3.698805
269 3.7080903
269 3.7038722
269 3.7088044
269 3.7046115
269 3.7049465
269 3.7008348
269 3.7057147
269 3.7014272
269 3.710776
269 3.706576
269 3.7113607
269 3.7073364
269 3.707882
269 3.703388
269 3.70377
269 3.6997886
268 3.717838
268 3.7137008
268 3.7229319
268 3.7189474
268 3.714558
267 3.7330368
267 3.7285573
267 3.7377536
267 3.7336595
267 3.7339544
267 3.7297254
267 3.7348232
267 3.7303548
267 3.7306192
267 3.7268722
267 3.7312942
267 3.7272103
268 3.7274115
268 3.7237332
268 3.7280576
268 3.7239628
268 3.7242808
268 3.720248
268 3.7289674
268 3.7248247
268 3.7256591
268 3.721383
268 3.7220414
268 3.7176816
268 3.718036
268 3.713964
268 3.7100134
269 3.7102787
269 3.7062447
268 3.715405
268 3.7112143
269 3.7115085
269 3.707682
269 3.712303
269 3.7081811
269 3.7084935
269 3.7046545
269 3.704669
269 3.7051265
269 3.7011452
269 3.7018104
269 3.6975262
269 3.7066636
269 3.7028074
268 3.728194
268 3.7244341
267 3.7330804
267 3.729056
267 3.7295308
267 3.725424
268 3.7257133
268 3.7218544
268 3.7221
268 3.718222
268 3.7185018
268 3.713997
268 3.7106683
268 3.7151237
268 3.7115676
267 3.741143
267 3.7369614
267 3.737173
267 3.7334867
267 3.7335618
267 3.7299175
267 3.7299654
267 3.7264557
268 3.7264457
268 3.7225308
268 3.723002
268 3.718976
268 3.719419
268 3.7157876
269 3.7157435
269 3.7122457
269 3.7080839
269 3.7128663
269 3.7088342
269 3.7092988
269 3.705385
269 3.7055044
269 3.70192
268 3.7184117
268 3.7147617
268 3.7230384
268 3.7192097
268 3.7194645
268 3.7160697
268 3.7159808
268 3.7125657
269 3.712601
269 3.7088063
269 3.713136
269 3.709423
269 3.7097008
269 3.7059839
269 3.7142296
269 3.710724
269 3.7108505
269 3.7071326
269 3.7074108
269 3.703852
269 3.7000484
269 3.7003624
269 3.6967325
270 3.6972702
270 3.693356
270 3.6938956
270 3.6898463
270 3.6944737
270 3.6905487
270 3.6907823
270 3.6872923
270 3.691437
270 3.687793
270 3.6919873
270 3.688699
270 3.696574
270 3.6928957
270 3.6935604
270 3.689588
270 3.6902106
270 3.6863217
270 3.690499
270 3.6870217
271 3.6874423
271 3.683888
271 3.6840668
270 3.6884704
270 3.6845095
271 3.6851602
271 3.6813962
271 3.6819193
271 3.678038
270 3.689994
270 3.68634
271 3.6869564
271 3.6832414
270 3.6951323
270 3.6914444
269 3.7032619
269 3.6998575
269 3.7038743
269 3.7003343
269 3.7044423
269 3.7008798
270 3.7011662
269 3.7052898
269 3.7017088
269 3.7059515
269 3.7024467
269 3.7027023
269 3.699165
270 3.6996338
270 3.6958818
270 3.6961143
270 3.692653
270 3.7005193
270 3.6970186
270 3.697319
270 3.693758
270 3.6943257
270 3.6906908
270 3.6911347
270 3.6875515
270 3.6914794
270 3.6880136
271 3.688334
271 3.6849327
271 3.6891937
270 3.692895
270 3.7007134
270 3.6972582
270 3.6975267
270 3.6941638
270 3.6907377
270 3.6908882
270 3.6874583
270 3.6876252
270 3.6843412
271 3.6846066
271 3.6813996
271 3.681531
271 3.678088
271 3.685894
271 3.6826842
271 3.6827185
271 3.6792598
Start time: 17/12/2018 02:05:23.434
End time: 17/12/2018 02:09:55.062
Duration: 271628 milliseconds (271.628 seconds)
Average latency: 271 milliseconds
Reads average latency: 12 milliseconds
Writes average latency: 518 milliseconds
Average throughput: 3.6815057 operations per second
Number of requests: 1000
Number of reads: 488
Number of writes: 512
Number of timeouts: 0
Percentage of writes: 50%
Number of replicas: 8
