0 3.6363635
0 1.8726592
0 1.3210039
477 1.9821607
477 1.5760441
477 1.317523
347 2.8506272
295 2.974715
324 2.986348
324 2.782194
324 2.536232
267 3.656915
267 3.377341
287 3.4042552
256 3.725386
256 3.4679215
273 3.5236082
273 3.320788
280 3.5557413
243 3.9960039
243 3.7828636
242 3.9949155
242 3.8227627
266 3.7313433
257 3.8289726
258 3.8314176
251 3.848431
251 3.7042313
265 3.7159374
265 3.5932925
275 3.6054597
275 3.4965034
275 3.3881898
255 3.8700597
255 3.7666934
250 3.9783401
250 3.888109
250 3.7771482
258 3.787491
258 3.6929834
270 3.6864572
243 4.0928993
243 3.9899786
246 3.9934654
246 3.905903
237 4.168838
237 4.0753946
230 4.3300858
230 4.2421274
230 4.1586695
233 4.230317
233 4.149059
237 4.1462493
237 4.0698533
243 4.0644507
243 3.9982865
241 4.1354175
241 4.0633607
241 3.9940426
246 3.997335
246 3.9323633
248 3.9976788
248 3.9347591
253 3.9340577
253 3.8712056
250 3.9881563
250 3.9379475
250 3.8789306
250 3.9388323
250 3.879507
230 4.3336334
230 4.2732673
232 4.269528
232 4.215305
230 4.315397
230 4.2611394
231 4.3081074
231 4.2533565
231 4.1959457
235 4.191826
235 4.144464
239 4.143108
239 4.0946093
242 4.09212
242 4.0443945
243 4.0877
243 4.0433745
241 4.1329823
241 4.088601
241 4.13058
241 4.0843215
241 4.129537
241 4.0832114
244 4.0816326
244 4.040914
244 3.997668
245 4.037075
245 3.9988575
248 3.9977386
248 3.955412
244 4.076463
244 4.0366826
240 4.153082
240 4.1125374
240 4.1500096
240 4.111036
238 4.1841006
238 4.145538
239 4.1772013
239 4.1443996
237 4.2006245
237 4.176036
237 4.1395416
238 4.171779
238 4.137691
239 4.1715508
239 4.134067
241 4.133211
241 4.098223
243 4.0920887
243 4.065578
243 4.0279007
246 4.0262356
246 3.9981945
248 3.9962916
248 3.9669945
249 3.9987404
249 3.968006
247 4.027012
246 4.030025
247 4.0283203
247 3.9987884
249 3.994834
249 3.9681358
250 3.9874766
248 3.998706
248 3.9655929
248 4.028285
248 3.997814
246 4.0564475
246 4.027455
247 4.026468
247 3.9995522
246 4.0526285
246 4.0270305
246 3.9987948
246 4.0233793
246 3.997299
248 3.9979606
248 3.971639
250 3.9720368
250 3.945811
250 3.972091
250 3.9465144
247 4.0242486
247 3.9981546
248 4.0240426
247 4.023381
247 3.9985917
248 3.9976015
248 3.9721947
249 3.9994075
249 3.9738026
251 3.975028
251 3.9501746
251 3.9730318
251 3.9517171
250 3.9973352
250 3.9749203
251 3.9745066
250 3.9758642
250 3.9516504
250 3.9764187
250 3.9518428
248 4.0205593
248 3.9985461
249 3.9985542
249 3.976992
251 3.9759655
251 3.9537983
251 3.9332669
253 3.9327695
253 3.910944
250 3.9766183
250 3.9552174
252 3.9556282
252 3.9350715
253 3.934831
253 3.9141014
253 3.9345229
253 3.9159021
255 3.9153616
255 3.8949199
256 3.8957024
256 3.8762076
257 3.87589
257 3.8565369
257 3.8371437
258 3.8580558
258 3.8387716
259 3.8395736
259 3.820572
261 3.8215306
261 3.8028777
261 3.8224509
261 3.804717
261 3.8242395
257 3.8647158
257 3.846154
255 3.901121
255 3.8851511
251 3.960844
251 3.9424036
252 3.9425986
252 3.9252162
251 3.9618626
251 3.942738
250 3.9801908
250 3.9628189
250 3.9805152
250 3.9627967
249 3.998631
249 3.9816341
250 3.9817872
250 3.9633875
250 3.980258
250 3.9635706
250 3.9814782
250 3.964027
249 3.998957
249 3.981374
251 3.9785056
251 3.964304
251 3.9473684
252 3.9483986
252 3.9309375
252 3.9482343
252 3.931782
252 3.9486675
252 3.9320881
252 3.9490275
252 3.9327142
254 3.9329262
254 3.917519
255 3.914022
255 3.9019315
255 3.8861363
255 3.902093
255 3.8838692
250 3.9837449
250 3.9669263
251 3.9672465
251 3.9521942
252 3.9516356
252 3.9360201
253 3.9370692
253 3.9219348
254 3.9204142
251 3.9681315
251 3.9534814
242 4.1063356
242 4.0900416
243 4.0896373
243 4.07477
242 4.1196976
242 4.104893
242 4.118678
242 4.103559
243 4.103174
243 4.087254
244 4.087475
244 4.07299
245 4.0723653
245 4.0573874
244 4.0854306
244 4.0720506
245 4.0693226
243 4.1003656
243 4.0850844
243 4.0991216
243 4.084305
244 4.0841217
244 4.0698085
245 4.0692763
245 4.055742
245 4.0689626
245 4.0547886
245 4.0684276
245 4.0544095
243 4.0954785
243 4.0814085
244 4.081186
244 4.0665383
245 4.0671973
245 4.0526986
243 4.1072755
243 4.0927877
244 4.0930257
244 4.0793943
242 4.118682
242 4.105385
243 4.1038404
243 4.0907893
243 4.078679
244 4.078207
244 4.0646157
244 4.0766354
244 4.064724
245 4.063147
245 4.0512996
242 4.1148562
242 4.1015124
243 4.1019745
243 4.0888596
244 4.0880065
244 4.0756917
244 4.087606
244 4.0742416
243 4.0990796
243 4.08607
244 4.0864635
244 4.0737753
244 4.085878
244 4.0730686
243 4.09826
243 4.0849376
243 4.109187
243 4.0967617
244 4.096119
244 4.0839577
244 4.0717697
242 4.1194897
242 4.1079106
241 4.130401
241 4.118567
241 4.1301656
241 4.11801
241 4.1293955
241 4.117314
242 4.1169205
242 4.104657
243 4.104543
243 4.092483
243 4.103506
243 4.091947
243 4.103382
243 4.091323
243 4.1142807
243 4.10287
243 4.1018257
243 4.101676
243 4.0900726
243 4.101286
243 4.089702
244 4.0888968
244 4.077781
244 4.077609
244 4.066403
244 4.0768585
244 4.0660343
245 4.0655813
245 4.05489
245 4.0763717
245 4.06513
245 4.0651298
245 4.053316
245 4.0758944
245 4.0650406
245 4.0749974
245 4.0644693
246 4.0631127
246 4.0531535
246 4.042072
246 4.052436
246 4.0415025
246 4.0419083
246 4.031103
246 4.0415154
246 4.031024
245 4.073298
245 4.0621395
245 4.0626144
245 4.0515847
245 4.061696
245 4.0511904
246 4.0511
246 4.0406337
247 4.0405293
247 4.0300198
245 4.071419
245 4.060758
246 4.0600233
246 4.050231
243 4.1008153
243 4.090435
244 4.090083
244 4.0802345
244 4.079787
244 4.0694003
245 4.07898
245 4.069663
245 4.058732
245 4.068873
245 4.058281
244 4.0782876
244 4.068164
245 4.07538
245 4.0683084
245 4.0580845
243 4.096842
243 4.086955
244 4.086823
244 4.0767317
244 4.0766253
244 4.0667253
244 4.076335
244 4.0664053
245 4.07597
245 4.0662436
245 4.066047
245 4.056352
246 4.056103
246 4.046975
246 4.046597
246 4.036735
247 4.037028
247 4.0270467
247 4.0367417
246 4.0460167
246 4.036571
247 4.036561
247 4.027144
247 4.027118
247 4.0178037
247 4.027031
247 4.0176115
247 4.0272756
247 4.017311
248 4.0176377
248 4.0084715
248 4.0264807
248 4.0178814
247 4.0444164
247 4.0358906
247 4.0353746
247 4.02622
247 4.017358
248 4.0171757
248 4.008266
248 4.017135
248 4.008158
249 4.008495
249 3.9998589
249 3.9992955
249 3.9910686
249 3.9991229
249 3.9907234
250 3.9907088
250 3.9818769
249 3.9997914
249 3.9907691
249 3.9994113
249 3.9908435
250 3.9906914
250 3.9825559
250 3.9822857
250 3.9736235
251 3.9741893
251 3.965682
252 3.9653838
252 3.9570668
252 3.9567552
252 3.9487925
253 3.948534
253 3.9404554
253 3.9322774
253 3.9324524
253 3.923898
252 3.9490712
252 3.941207
252 3.9574327
252 3.9498796
252 3.9501472
252 3.9416275
252 3.9583058
252 3.9497395
252 3.95007
252 3.9423966
252 3.9569316
252 3.9505367
252 3.9421065
253 3.9425447
253 3.9345167
253 3.9346492
253 3.926765
253 3.934881
253 3.9271228
254 3.9267962
254 3.9192743
254 3.9274974
254 3.9196904
255 3.919819
254 3.927805
254 3.9203548
252 3.9598942
252 3.9520693
252 3.952195
252 3.944447
252 3.9519482
252 3.944665
252 3.9599621
252 3.9526925
252 3.9524462
252 3.9450648
253 3.944804
253 3.9378624
252 3.9607635
252 3.95321
252 3.9532087
252 3.945668
253 3.9457424
253 3.9381843
252 3.9535968
252 3.9460528
253 3.9462156
253 3.938295
253 3.9463599
253 3.9388866
252 3.9540334
252 3.9544783
252 3.9542065
252 3.9471605
252 3.9396963
253 3.9395733
253 3.9322693
253 3.9323075
253 3.9251025
254 3.9249213
254 3.9177856
254 3.9183445
254 3.9108417
253 3.940407
253 3.9332092
254 3.933245
254 3.926346
254 3.933461
254 3.9266443
253 3.9411168
253 3.9339674
253 3.9411302
253 3.9341788
253 3.926967
254 3.926872
254 3.920068
254 3.920212
254 3.9131343
254 3.9205267
254 3.9135854
253 3.9351768
253 3.9277298
253 3.9356885
253 3.9284062
254 3.9284775
254 3.921485
254 3.921624
254 3.9146688
255 3.9147913
255 3.9082305
254 3.92223
254 3.9153497
254 3.9295619
254 3.922309
254 3.9229922
254 3.9159396
254 3.9230413
254 3.9165306
255 3.9153996
255 3.9096289
255 3.9027693
255 3.902937
255 3.8963275
255 3.903297
255 3.896656
255 3.9037085
255 3.8970625
255 3.9105422
255 3.9042006
255 3.9042573
255 3.8977087
256 3.8977764
256 3.8915246
256 3.8982537
256 3.8917065
256 3.8983598
256 3.8920445
256 3.8921213
256 3.8856285
257 3.885508
256 3.8994424
256 3.8929698
256 3.8995178
256 3.8932996
256 3.9000833
256 3.893653
254 3.920298
254 3.9135714
255 3.9136622
255 3.9074833
255 3.907661
255 3.901486
255 3.9144833
255 3.9080625
255 3.9082634
255 3.9017973
256 3.9020584
256 3.8956485
256 3.8958933
256 3.8893385
256 3.9027162
256 3.896045
255 3.9094198
255 3.903035
254 3.9227266
254 3.9162648
254 3.9355216
254 3.9292858
253 3.948485
252 3.9485414
253 3.9487739
252 3.94878
253 3.9486861
252 3.9492671
252 3.9426546
253 3.942496
253 3.9365613
252 3.9492137
252 3.9430146
250 3.9807918
250 3.9745877
251 3.9745526
251 3.9683528
251 3.9684515
251 3.962256
247 4.0305805
247 4.024357
246 4.049084
246 4.042802
247 4.043035
247 4.036557
246 4.0550103
246 4.048757
246 4.0486326
246 4.042483
247 4.042393
247 4.036173
245 4.0727735
245 4.0726624
245 4.072577
245 4.066373
245 4.0661983
244 4.078521
244 4.072311
245 4.0719805
245 4.0657997
245 4.0717154
245 4.0656753
243 4.0956078
243 4.0892324
242 4.1189165
242 4.1129665
242 4.112798
242 4.106776
243 4.106544
243 4.1004767
243 4.106302
243 4.1003733
243 4.0999827
243 4.0939364
244 4.09387
244 4.0878744
243 4.110973
243 4.1051626
243 4.1043835
243 4.105047
243 4.098887
243 4.104597
243 4.0985036
243 4.104508
243 4.098265
243 4.098123
243 4.0922165
243 4.1094937
243 4.103209
243 4.103368
243 4.0975113
243 4.097136
243 4.0911646
244 4.0913386
244 4.085369
244 4.085551
244 4.07956
245 4.079191
245 4.0735283
245 4.079082
245 4.0735507
245 4.0677586
245 4.073343
245 4.067475
243 4.0952168
243 4.0900254
244 4.089554
244 4.0840864
244 4.0894175
244 4.083713
244 4.0835733
244 4.0778933
244 4.077648
244 4.0722647
245 4.0718923
245 4.066328
245 4.0659876
245 4.0605593
245 4.0660524
245 4.0603695
246 4.060331
246 4.054694
246 4.060098
246 4.054544
246 4.0545135
246 4.0488935
246 4.054298
246 4.0490475
246 4.043193
246 4.0434866
246 4.0379634
247 4.0376043
247 4.032433
247 4.0321927
247 4.026519
247 4.0318656
247 4.026621
248 4.02652
248 4.0214477
248 4.0211377
248 4.0158052
248 4.0157413
248 4.010366
249 4.0103736
249 4.0049343
249 4.0049486
249 3.999574
249 3.9997873
249 3.9945183
249 3.9996393
249 3.9943633
250 3.9943285
250 3.9890316
250 3.989088
250 3.984022
250 3.9838748
250 3.9785566
250 3.9841473
250 3.9787173
251 3.9787035
251 3.9734406
251 3.9685028
251 3.9735308
251 3.9683366
251 3.9790487
251 3.973675
251 3.9788349
251 3.973949
251 3.979013
251 3.9735851
250 3.989348
250 3.9842484
250 3.984474
250 3.9790661
251 3.9790728
251 3.9742367
251 3.9740252
251 3.9687817
251 3.9741323
251 3.9693067
251 3.974178
251 3.9691627
251 3.969081
251 3.9642859
251 3.9591613
252 3.959113
252 3.954208
252 3.9590962
252 3.9542437
252 3.9593189
252 3.9543984
252 3.964545
252 3.9593527
251 3.9796705
251 3.9744911
250 3.9844222
250 3.9796672
251 3.9797125
251 3.9747765
251 3.979743
250 3.9845588
250 3.979813
250 3.9797988
250 3.9748738
250 3.984891
250 3.9799323
251 3.9799376
251 3.9750366
251 3.9750674
251 3.9701455
251 3.9701624
251 3.9650447
250 3.9898953
250 3.984999
250 3.985017
250 3.9801579
250 3.9851117
250 3.9799736
251 3.9801915
251 3.9754002
251 3.9706204
251 3.970656
251 3.965759
251 3.9708228
251 3.9660714
251 3.965902
251 3.961149
250 3.9852703
250 3.9804292
250 3.9852867
250 3.980495
250 3.9853406
250 3.9805036
251 3.980755
251 3.9758587
249 4.00918
249 4.0044894
249 4.014118
249 4.0091853
249 4.0139136
249 4.009164
249 4.009096
249 4.009142
249 4.0043583
249 4.004334
249 3.9998682
249 4.004324
249 3.9998684
248 4.013767
248 4.0090485
249 4.009038
249 4.004392
249 4.009073
249 4.0043073
249 4.0043025
249 3.999721
249 4.0042925
249 3.9996846
249 3.9997404
249 3.9949265
249 3.9996486
249 3.9951227
250 3.995073
250 3.9904156
250 3.9860625
250 3.990456
250 3.9860764
250 3.9950829
250 3.990562
249 4.0038805
249 3.9993052
248 4.0133686
248 4.008793
249 4.008801
249 4.0042224
249 4.0042906
249 3.9997456
249 4.0043716
249 3.9996557
249 3.999674
249 3.995119
249 3.9999096
249 3.995202
250 3.9951715
250 3.9906418
250 3.99538
250 3.9907346
250 3.9906914
250 3.9863837
249 4.0042953
249 3.999839
249 4.0041065
249 4.004388
249 3.9996614
248 4.013009
248 4.008586
249 4.0085764
249 4.0040793
249 4.008682
249 4.0043006
248 4.0217795
248 4.017359
247 4.0305333
247 4.026095
248 4.026137
248 4.0217304
248 4.021813
248 4.017262
248 4.017243
248 4.0128307
249 4.012834
249 4.0083833
249 4.0079546
249 4.0035024
249 4.0040736
249 3.9996696
249 3.9996872
249 3.995367
249 3.9912114
250 3.9910483
250 3.9866822
250 3.986955
250 3.9824307
250 3.982501
250 3.9783857
251 3.9780157
251 3.973914
250 3.991125
250 3.986882
250 3.986896
250 3.982581
250 3.9782755
250 3.9828053
250 3.9783556
251 3.9783957
251 3.9741468
251 3.9742587
251 3.9701917
251 3.9700043
251 3.965816
251 3.9700341
251 3.9660392
251 3.9659243
251 3.9617412
252 3.965996
252 3.9618716
252 3.9620616
252 3.9577503
252 3.9576786
252 3.9537623
252 3.9494405
252 3.9492784
252 3.9454987
252 3.9497802
252 3.9455464
253 3.9497037
253 3.9456267
252 3.9622812
251 3.9667046
252 3.9665086
252 3.9624152
252 3.9666436
252 3.9624763
252 3.9625316
252 3.9584262
252 3.9625762
252 3.9587076
252 3.958408
252 3.958776
252 3.954517
252 3.9587307
252 3.954529
252 3.9545755
252 3.9504678
252 3.9506798
252 3.946681
253 3.946671
253 3.9429092
253 3.9426305
253 3.9387362
252 3.9509642
252 3.9470053
252 3.9510636
252 3.9470806
253 3.9471023
253 3.9433546
253 3.9432366
253 3.9392936
253 3.9431922
253 3.9395745
253 3.943227
253 3.9395058
253 3.9395664
253 3.9396114
253 3.9394982
253 3.9357166
253 3.9318478
254 3.931759
254 3.927902
254 3.9282243
254 3.9240656
254 3.9243908
254 3.920089
254 3.9205415
254 3.9165318
255 3.9165523
255 3.9126787
255 3.9167483
255 3.9128976
255 3.9129217
255 3.9090977
255 3.9092026
255 3.905313
255 3.909381
255 3.905514
255 3.9056065
255 3.9019804
255 3.9057913
255 3.901943
255 3.9060824
Start time: 17/12/2018 02:05:23.426
End time: 17/12/2018 02:09:39.437
Duration: 256011 milliseconds (256.011 seconds)
Average latency: 255 milliseconds
Reads average latency: 13 milliseconds
Writes average latency: 516 milliseconds
Average throughput: 3.9060824 operations per second
Number of requests: 1000
Number of reads: 518
Number of writes: 482
Number of timeouts: 0
Percentage of writes: 50%
Number of replicas: 8
