0 3.6101081
0 1.8214935
324 2.635046
265 2.9154518
265 2.3622048
377 2.6333113
310 2.8490028
310 2.477701
377 2.5586355
377 2.3837903
377 2.1699817
363 2.6490066
363 2.4554942
380 2.5517437
301 3.183024
301 2.994759
294 3.2588453
294 3.091873
314 3.136107
314 2.9964042
329 3.0257185
282 3.449528
282 3.2951787
305 3.2441201
281 3.5093317
281 3.524364
281 3.3978431
281 3.2763534
298 3.3026006
298 3.188945
308 3.2108915
299 3.241895
299 3.145415
299 3.283302
299 3.1905196
289 3.425036
289 3.347732
289 3.251862
263 3.7871032
263 3.6926146
270 3.6860995
253 3.9021604
253 3.7998147
258 3.8154068
258 3.7280314
264 3.7306957
264 3.6505644
266 3.7465658
266 3.6707726
266 3.5985606
268 3.6816545
268 3.607891
262 3.7659109
262 3.6965845
267 3.7012844
267 3.6410367
273 3.6417115
273 3.5810206
278 3.5873833
278 3.5307443
278 3.47336
284 3.4816246
284 3.4268308
285 3.4943218
285 3.4408603
289 3.444109
289 3.4007518
289 3.3497882
284 3.4730263
284 3.4228992
288 3.4329453
288 3.3851275
279 3.5577447
279 3.5125644
282 3.516062
282 3.4718568
286 3.4774485
286 3.431498
286 3.3869174
290 3.3932135
290 3.354877
294 3.3630648
294 3.3219392
290 3.427592
290 3.384095
292 3.3907754
292 3.354009
292 3.4061494
292 3.369575
295 3.3753774
295 3.3369923
294 3.3887997
294 3.3523874
293 3.4004931
293 3.3657286
293 3.3312514
293 3.377822
293 3.3443453
296 3.3515043
296 3.3160207
298 3.324363
298 3.291923
298 3.3364372
298 3.30388
297 3.3517427
297 3.317625
299 3.3233755
299 3.2941003
296 3.3709512
290 3.4171877
289 3.4465427
289 3.4263687
289 3.3964267
289 3.4354625
289 3.4069183
291 3.4103827
291 3.3823028
286 3.4893963
281 3.5270405
283 3.5262809
283 3.5035532
283 3.4710853
282 3.5066073
282 3.482186
285 3.4846547
285 3.4591095
287 3.463367
287 3.4367483
289 3.438342
289 3.4146492
291 3.4168217
291 3.3923974
294 3.3939033
294 3.3713226
294 3.3966389
294 3.3802652
294 3.3566844
294 3.3865926
294 3.3649697
284 3.513583
280 3.5440884
277 3.6040096
277 3.5777175
278 3.5806477
278 3.5569527
280 3.5576475
280 3.5364528
280 3.5119948
279 3.5675967
279 3.5450597
276 3.6002645
276 3.5774412
276 3.605204
276 3.5829268
274 3.6362698
274 3.6126058
275 3.6163604
275 3.5931175
275 3.5709796
275 3.6227357
275 3.5997121
274 3.6290023
274 3.6047966
274 3.6326404
274 3.6098459
272 3.6599169
272 3.6402824
270 3.6879299
270 3.6672504
272 3.668344
269 3.6933148
269 3.672625
266 3.745145
266 3.7219987
264 3.7691884
264 3.747615
266 3.7499719
266 3.7279077
267 3.7301764
267 3.7093801
267 3.6901183
269 3.6901178
269 3.6696448
269 3.6949294
269 3.6741662
271 3.6760755
271 3.6561117
272 3.6591072
272 3.6382096
272 3.6609228
272 3.6435974
274 3.6445427
274 3.6246893
275 3.6276693
275 3.6087759
276 3.6106238
275 3.6128926
275 3.5947251
276 3.5960383
276 3.5779963
274 3.6405594
274 3.6217542
272 3.6638696
272 3.6452005
273 3.6468592
273 3.6291652
273 3.6502695
268 3.7104683
268 3.727848
268 3.7137907
268 3.6946514
269 3.6974156
269 3.6795073
269 3.6988606
269 3.6825564
270 3.6834116
270 3.6663105
271 3.6680422
271 3.6513007
271 3.671459
271 3.6551163
272 3.6563401
272 3.6407986
273 3.6417518
273 3.6249266
275 3.626393
275 3.6111894
276 3.6130843
276 3.597248
277 3.5983102
277 3.5825546
278 3.5823157
278 3.5694673
278 3.5542796
278 3.5739207
278 3.558116
279 3.5600998
279 3.5452652
280 3.5631838
280 3.548817
281 3.5507474
281 3.5360794
282 3.5379298
281 3.5404613
281 3.5551786
281 3.5441968
281 3.52985
282 3.5311189
282 3.5146282
282 3.535717
282 3.52079
283 3.522859
283 3.5088828
284 3.5101528
284 3.4968872
282 3.5307534
282 3.5172362
284 3.5174708
280 3.5511913
280 3.5368836
281 3.5399587
281 3.5253181
282 3.5270686
282 3.513661
283 3.516026
283 3.5033903
284 3.5039907
284 3.4922247
282 3.5376656
282 3.524464
283 3.5266864
283 3.514189
283 3.530308
283 3.5167594
284 3.5183625
284 3.5068395
283 3.5208726
283 3.5104375
283 3.4968543
284 3.4986506
284 3.4860063
285 3.489015
285 3.4757545
286 3.4776487
286 3.4652076
287 3.4676585
287 3.4550495
287 3.4713063
287 3.4593458
288 3.4606848
288 3.449745
286 3.4923375
286 3.4796612
286 3.4822352
286 3.4693048
287 3.4725037
287 3.460953
286 3.488575
286 3.4774702
286 3.4921227
286 3.480895
287 3.481599
287 3.470527
287 3.4602532
285 3.4875638
285 3.4766243
284 3.5045207
284 3.492282
285 3.4937437
285 3.4835563
286 3.484231
286 3.4734237
285 3.5012841
285 3.4896903
284 3.5035162
284 3.4925215
283 3.51935
283 3.5083306
283 3.5224068
283 3.5112271
283 3.5257769
283 3.5143492
282 3.5405679
282 3.5304282
280 3.556223
280 3.5451424
280 3.558806
280 3.548045
281 3.5487714
280 3.5506976
280 3.540101
276 3.6135435
276 3.6033874
275 3.615554
275 3.6051953
275 3.6302178
275 3.6191041
274 3.6319327
274 3.6217778
273 3.6463726
273 3.635042
274 3.6372144
274 3.625596
275 3.6268106
275 3.6166365
276 3.6174097
276 3.606822
276 3.6201487
276 3.6100254
276 3.6103146
275 3.623106
275 3.6128564
274 3.6367345
274 3.6260533
273 3.6495528
273 3.6396317
273 3.6518838
273 3.6418478
274 3.6423988
274 3.6323242
274 3.6333425
274 3.6231084
275 3.6246254
275 3.61463
276 3.615844
276 3.605336
276 3.6181343
276 3.6084995
273 3.6522849
273 3.6428494
274 3.6427517
274 3.633432
274 3.6233048
272 3.6571674
272 3.6472998
271 3.669588
271 3.6593902
272 3.660175
272 3.6515224
273 3.6516705
273 3.6422415
273 3.6542208
273 3.643881
272 3.665483
272 3.656839
273 3.6573489
273 3.6479
272 3.669006
272 3.659878
272 3.6611629
272 3.6515763
273 3.6519434
273 3.6431355
271 3.684232
271 3.6748703
271 3.6759877
271 3.6671367
271 3.6778007
271 3.6680331
271 3.6790802
271 3.6702373
271 3.6607444
271 3.6817975
271 3.6722128
271 3.673385
271 3.6642663
271 3.672716
271 3.666343
271 3.6571295
272 3.6574662
272 3.6490314
273 3.6495996
273 3.6409414
274 3.6418788
274 3.6326497
274 3.6436703
274 3.6344109
274 3.636155
274 3.6267848
275 3.627604
275 3.6193335
275 3.6294715
275 3.6210647
275 3.6220949
275 3.6132674
276 3.6145144
276 3.605578
277 3.6068363
277 3.5984972
277 3.599029
277 3.5914807
277 3.5823715
278 3.5837328
278 3.5750813
279 3.5764854
279 3.5679889
277 3.6054833
277 3.5972865
277 3.5981708
277 3.5903215
278 3.5911527
278 3.5834832
278 3.5928683
278 3.5846813
278 3.5949564
278 3.586479
278 3.578906
278 3.5793664
278 3.5721283
279 3.57273
279 3.5647461
279 3.5748732
279 3.5671716
278 3.5852396
278 3.577865
279 3.5781312
279 3.5702722
279 3.5711792
279 3.5634627
280 3.5643187
280 3.5572987
280 3.5575483
280 3.5502653
280 3.5681965
280 3.5607085
280 3.561712
280 3.5538125
281 3.554705
281 3.5474298
281 3.556902
281 3.5494418
281 3.5500352
281 3.542891
282 3.5435262
280 3.5527866
280 3.5457418
281 3.5463965
281 3.5390086
280 3.556639
280 3.549231
281 3.5500205
281 3.543245
281 3.5526185
281 3.5446343
281 3.54607
281 3.53892
282 3.5393143
282 3.532266
281 3.5480995
281 3.5423944
281 3.5348353
282 3.5357518
282 3.528868
282 3.5298214
282 3.5227485
283 3.5233128
283 3.5167913
282 3.5339093
282 3.5262063
282 3.5355191
282 3.5281816
283 3.5291212
283 3.5222745
283 3.515594
283 3.5163581
283 3.5091047
283 3.5182936
283 3.5110922
284 3.5119421
284 3.50547
284 3.506026
284 3.49959
285 3.5002651
285 3.4934297
282 3.5409775
282 3.5347466
282 3.5352638
282 3.5285213
283 3.5290492
283 3.5226164
283 3.5232348
283 3.516756
283 3.5253272
283 3.5183048
283 3.5195708
283 3.5125067
282 3.5365186
282 3.5298216
283 3.5306304
283 3.524289
283 3.5248663
283 3.5185854
283 3.5119317
284 3.5126348
284 3.5061224
282 3.5290606
282 3.5228574
283 3.5234823
283 3.5169466
280 3.5622241
280 3.5559561
280 3.5563817
280 3.5504355
281 3.5509224
281 3.5446942
280 3.559892
280 3.5536966
280 3.5615757
280 3.5548303
281 3.5557172
281 3.5494454
281 3.5429392
281 3.5435603
281 3.537421
282 3.5382543
282 3.5318658
281 3.5471177
281 3.540838
282 3.5413804
282 3.5349314
282 3.5363908
282 3.529571
282 3.5374591
282 3.531439
282 3.5322683
282 3.5260034
283 3.5268145
283 3.5209036
283 3.5215476
283 3.5150988
283 3.530277
283 3.5237608
283 3.5250838
283 3.5187469
283 3.5262449
283 3.5206866
283 3.5273004
282 3.5359404
282 3.529493
282 3.5308154
282 3.5245686
283 3.5250463
283 3.519315
283 3.519921
283 3.5139053
284 3.5146866
284 3.508987
284 3.5162652
284 3.5108926
284 3.518048
284 3.5120008
284 3.5131335
284 3.5069735
284 3.507827
284 3.502144
284 3.5160706
284 3.510441
284 3.5109775
284 3.5121455
284 3.506059
284 3.513535
284 3.5076766
284 3.5084693
284 3.50294
285 3.50353
285 3.4977727
284 3.5117311
284 3.505933
284 3.513588
284 3.5077825
284 3.5083585
284 3.5028558
285 3.5037124
285 3.4976423
285 3.499073
285 3.492826
285 3.493965
285 3.4880862
284 3.5147567
284 3.5089984
284 3.5100827
284 3.5042598
284 3.5180073
284 3.5126855
284 3.512903
284 3.5078301
284 3.514479
284 3.5093307
284 3.5099766
284 3.5041165
285 3.5049915
285 3.499668
285 3.4999938
285 3.4946067
285 3.4893463
286 3.4901268
286 3.4846487
286 3.4917908
286 3.4861305
286 3.4868462
286 3.4818637
286 3.488727
286 3.4830637
286 3.484039
286 3.4786599
287 3.479467
287 3.474068
287 3.4751372
287 3.4695687
287 3.4765806
287 3.4710064
287 3.4717536
287 3.4667141
286 3.48562
286 3.480491
287 3.4813464
287 3.4758368
285 3.5009453
285 3.4956336
285 3.4963977
285 3.4971383
285 3.4920464
285 3.4928331
285 3.4875314
285 3.5003307
285 3.4951386
285 3.4957068
285 3.4904954
285 3.4971724
285 3.4921203
284 3.5107586
284 3.5056183
284 3.5179462
284 3.5129778
283 3.5196662
283 3.5143564
284 3.515302
284 3.5099103
284 3.5165846
284 3.5112276
284 3.5119247
284 3.5067348
285 3.5071487
285 3.5027192
285 3.497463
285 3.4980326
285 3.4929414
285 3.4935968
285 3.48873
286 3.4894707
286 3.4844415
286 3.485247
286 3.4799168
287 3.480927
287 3.4757388
286 3.4879844
286 3.482921
286 3.4896512
286 3.4844801
286 3.485117
286 3.480444
286 3.4866629
286 3.4816048
287 3.4827173
286 3.4833915
287 3.4838667
287 3.4790776
287 3.474478
287 3.4749253
287 3.4701097
287 3.4706793
287 3.4657273
288 3.4667294
288 3.4616807
288 3.4680078
288 3.4632037
288 3.463952
288 3.459244
288 3.4655392
288 3.4608033
288 3.4613402
288 3.4565082
287 3.4741044
287 3.4690382
288 3.4700193
288 3.464992
288 3.4659183
288 3.461177
288 3.461954
288 3.4569468
288 3.4526534
289 3.4534197
289 3.4537888
289 3.4491215
289 3.4443543
289 3.4508996
289 3.4460676
288 3.4574888
288 3.4528294
288 3.4589548
288 3.4542499
289 3.4551346
289 3.4507818
289 3.451279
289 3.4467022
288 3.45813
288 3.4532976
289 3.454047
289 3.449362
286 3.4824994
286 3.4776404
287 3.47852
287 3.4739375
287 3.4744692
287 3.469684
287 3.480929
287 3.476515
287 3.4772422
287 3.472826
287 3.4733734
287 3.468664
287 3.4745734
287 3.4700565
288 3.4706771
288 3.4662862
288 3.4619782
288 3.462481
288 3.4579551
288 3.464095
288 3.4594166
287 3.470349
287 3.4657826
288 3.4667425
288 3.4620132
287 3.4732437
287 3.4686253
287 3.4692912
287 3.4647613
287 3.4758945
287 3.4714744
286 3.4823756
286 3.4777806
286 3.4835374
286 3.4793255
286 3.48993
286 3.485721
285 3.4962723
285 3.5023603
285 3.4978328
285 3.4982028
285 3.494028
285 3.5045903
285 3.5001009
283 3.5210557
283 3.5166805
283 3.522153
283 3.5177343
284 3.5183384
284 3.5137599
283 3.5244713
283 3.5202653
282 3.5358422
282 3.531281
282 3.536645
282 3.5324278
282 3.5282207
283 3.5287702
283 3.5244033
283 3.5250785
283 3.520501
282 3.5311291
282 3.5267808
283 3.5273628
283 3.5228047
283 3.5237536
283 3.519004
283 3.5247984
283 3.5203004
283 3.5259414
283 3.521642
283 3.5271306
283 3.5226002
283 3.5330708
283 3.528818
283 3.524575
282 3.529805
282 3.5255542
280 3.5599394
280 3.5555596
280 3.5564723
280 3.5520217
281 3.5525942
281 3.5480912
281 3.5490415
281 3.5444176
280 3.559519
280 3.555131
280 3.5603495
280 3.5563269
281 3.556635
281 3.5526597
281 3.5531235
281 3.5489428
281 3.5540307
281 3.5498254
281 3.5504916
280 3.560517
280 3.5607665
280 3.5616698
280 3.557329
278 3.5810459
278 3.5771458
278 3.5823638
278 3.577985
279 3.578646
279 3.574499
278 3.5934963
278 3.5892248
278 3.594727
278 3.5904303
278 3.5906558
278 3.5868905
278 3.5870533
278 3.5829186
278 3.5834835
278 3.5794287
279 3.579699
278 3.5850883
278 3.5853345
277 3.6042662
277 3.6001284
276 3.6099594
276 3.6057086
276 3.6149154
276 3.6107848
276 3.611559
276 3.6074412
276 3.61246
276 3.6081698
276 3.6088448
276 3.6045852
277 3.6050336
277 3.6010327
277 3.6015003
277 3.5973988
277 3.5980966
277 3.5937002
278 3.5941088
278 3.590212
278 3.5908823
278 3.586707
278 3.5915258
278 3.5876648
278 3.5924232
278 3.5884259
278 3.588869
278 3.5850284
278 3.5807972
278 3.581614
278 3.5774915
278 3.5911186
278 3.5871856
278 3.5876427
278 3.583579
278 3.5888236
278 3.584704
278 3.58954
278 3.5857608
277 3.5993063
277 3.5952094
277 3.6043391
277 3.6007824
277 3.6008725
277 3.5970907
277 3.5975468
277 3.5934784
278 3.5936239
278 3.5896318
278 3.5949461
278 3.5908203
278 3.5916076
278 3.5875723
278 3.587957
278 3.5886357
278 3.5844774
278 3.5848796
278 3.580982
278 3.5816495
278 3.5776095
279 3.5780482
279 3.5743592
279 3.574831
279 3.5710304
279 3.579886
278 3.589013
278 3.585133
278 3.5857902
278 3.581616
278 3.5823972
278 3.5784187
278 3.5916946
278 3.5878515
277 3.596573
277 3.5929463
277 3.6059678
277 3.60208
277 3.6026828
277 3.5988827
277 3.6077347
277 3.603983
277 3.6085749
277 3.604648
277 3.6092598
276 3.6097903
276 3.605996
277 3.6062117
277 3.60276
277 3.60322
277 3.5993426
277 3.59955
277 3.5959995
277 3.6086974
277 3.6051753
277 3.6053603
277 3.601968
277 3.606237
277 3.6024485
277 3.6071696
277 3.6034327
276 3.6120732
276 3.6085467
277 3.6086228
276 3.6093366
276 3.6052904
277 3.606065
277 3.602149
277 3.6027186
277 3.598917
277 3.599312
277 3.5956688
277 3.5959637
277 3.5924337
278 3.5927024
278 3.5890076
278 3.5936167
278 3.5900161
278 3.5942798
278 3.590977
278 3.5952458
278 3.5918322
278 3.5959609
278 3.5925248
278 3.5927615
278 3.589306
278 3.589488
278 3.5861006
278 3.5943806
278 3.5907793
278 3.5911746
278 3.5877273
278 3.5842009
278 3.5844727
278 3.5809565
278 3.5895698
278 3.58577
278 3.590386
278 3.58645
278 3.5872018
278 3.5833912
278 3.5837326
278 3.5803442
279 3.5807872
279 3.5771112
278 3.5893047
278 3.586108
278 3.5862188
278 3.5826507
278 3.5873418
278 3.5834837
278 3.5842013
278 3.5805647
278 3.5847063
278 3.5813286
279 3.5818634
279 3.5783968
279 3.5786963
279 3.5753927
279 3.5715535
279 3.5723033
279 3.5685856
280 3.5689762
280 3.5655181
280 3.5698385
280 3.5663035
279 3.574755
279 3.571153
279 3.57158
279 3.5681531
280 3.5685549
280 3.565124
280 3.5655692
280 3.5620246
280 3.5624306
280 3.559005
280 3.559427
280 3.5561743
280 3.5526013
281 3.553164
281 3.549804
279 3.5732107
279 3.5696483
279 3.5702336
279 3.566667
279 3.5710628
279 3.5674207
280 3.5678303
280 3.5644553
280 3.5648806
280 3.5614338
280 3.5696764
280 3.5661645
278 3.5855522
278 3.5820715
279 3.5824914
279 3.5789797
278 3.5869057
278 3.5835443
278 3.5839207
278 3.5805283
279 3.5810273
279 3.5778308
279 3.5743604
279 3.5749032
279 3.5714417
279 3.5755744
279 3.5722516
278 3.587504
278 3.5841894
278 3.5844154
278 3.5813358
278 3.5854893
278 3.581858
278 3.582363
278 3.5792434
278 3.586753
278 3.5833845
278 3.5840712
278 3.5807638
279 3.5810304
279 3.5777192
279 3.5781586
279 3.574712
279 3.5825899
279 3.5791976
279 3.575877
279 3.572758
279 3.5766501
279 3.573575
279 3.573963
279 3.5705583
279 3.5709615
279 3.5677083
280 3.5680616
280 3.564998
280 3.5688689
280 3.56581
280 3.5624092
280 3.5629199
280 3.559771
279 3.5744014
279 3.5713387
279 3.575205
279 3.5719934
279 3.5723774
279 3.5691738
279 3.5767019
279 3.5736027
Start time: 17/12/2018 02:05:23.425
End time: 17/12/2018 02:10:02.784
Duration: 279359 milliseconds (279.359 seconds)
Average latency: 279 milliseconds
Reads average latency: 15 milliseconds
Writes average latency: 518 milliseconds
Average throughput: 3.5796232 operations per second
Number of requests: 1000
Number of reads: 475
Number of writes: 525
Number of timeouts: 0
Percentage of writes: 50%
Number of replicas: 8
