0 3.7174723
0 1.8587362
321 2.6702268
321 1.9436345
321 1.5885624
501 1.9169328
501 1.7016449
501 1.4947684
388 2.570694
334 2.793296
334 2.5325615
323 2.9910269
323 2.7624311
343 2.8449502
343 2.660282
343 2.4826217
369 2.5839794
369 2.4352446
392 2.514669
392 2.3918676
404 2.463521
379 2.5417576
379 2.4280264
407 2.4374392
407 2.396932
403 2.455871
333 2.918004
333 2.8490028
314 3.1697905
314 3.0605457
321 3.0864198
321 2.9966288
321 2.9038112
333 2.9353058
333 2.8522532
322 3.097345
301 3.238342
301 3.1505985
293 3.381494
293 3.293413
302 3.301612
302 3.231632
302 3.1542814
309 3.1795058
309 3.1066928
307 3.2132
307 3.1441197
306 3.2467532
306 3.1841934
312 3.196931
306 3.2172
306 3.1499693
311 3.1659882
311 3.1076581
311 3.1958165
311 3.1412866
315 3.1539109
315 3.1004548
315 3.04651
314 3.1322892
314 3.0781322
320 3.09378
320 3.04414
325 3.0596318
325 3.012789
330 3.0231574
330 2.984362
330 2.9384108
333 2.9558363
333 2.9112914
337 2.926445
337 2.8856826
341 2.902678
341 2.8642457
345 2.8778512
345 2.8407595
337 2.9585798
337 2.9209797
337 2.8828647
341 2.895801
341 2.861513
346 2.875664
346 2.8413196
332 2.997716
332 2.9626148
333 2.9742541
333 2.940636
336 2.9534717
336 2.9202983
330 3.0200746
330 2.9871728
328 3.0426846
328 3.0085528
326 3.0618756
322 3.0726492
322 3.0397668
320 3.0921462
320 3.0589771
315 3.1496065
315 3.1176307
314 3.16606
314 3.1351647
305 3.2602367
305 3.22841
307 3.2374787
307 3.2058535
303 3.2873847
303 3.257088
302 3.2989993
302 3.2730844
302 3.3042417
287 3.46342
287 3.431806
283 3.5069263
283 3.476447
285 3.4805982
285 3.450632
286 3.490579
286 3.4599752
286 3.4942927
268 3.7018676
268 3.6688833
267 3.7014189
267 3.6756408
270 3.677764
270 3.65033
272 3.651933
272 3.6230755
274 3.6253216
274 3.6004434
274 3.6315916
274 3.6044223
277 3.605011
277 3.5813413
277 3.6045618
273 3.6459866
273 3.6166365
275 3.6223485
275 3.596191
275 3.6277423
275 3.6019173
274 3.632166
274 3.6067774
276 3.609507
276 3.584526
278 3.5860937
278 3.5636563
278 3.540062
274 3.6223133
274 3.5984647
276 3.6013134
276 3.5784764
274 3.6323726
274 3.6088898
268 3.7146912
268 3.6905096
268 3.7181349
267 3.7206714
267 3.6967182
269 3.6987054
269 3.6751924
269 3.7030637
269 3.6793563
270 3.6814902
270 3.6592755
272 3.6608863
272 3.6402824
274 3.6412964
274 3.619931
275 3.622251
275 3.6007388
277 3.6002135
277 3.5842295
277 3.562072
278 3.5873415
278 3.566804
276 3.6144307
276 3.5940516
277 3.596158
277 3.576983
277 3.5575392
271 3.6690395
271 3.648678
271 3.6731944
271 3.6525536
272 3.654578
272 3.635275
274 3.6378334
274 3.6178992
274 3.6407256
274 3.621899
274 3.6446185
274 3.6255152
275 3.6275945
275 3.6088498
276 3.6110659
269 3.6940813
269 3.6755054
270 3.6772094
270 3.6587563
272 3.6604533
272 3.6423383
272 3.6638696
272 3.6459866
273 3.647642
273 3.6299403
273 3.651045
273 3.6343358
275 3.6330261
275 3.618565
275 3.600667
272 3.659756
272 3.64203
273 3.6435657
273 3.62676
274 3.6286218
274 3.6117716
271 3.6687822
271 3.6520343
271 3.6721933
271 3.6551824
272 3.6567352
272 3.6400802
273 3.6417518
273 3.6256354
272 3.6624851
272 3.6464205
273 3.6482267
273 3.6321728
274 3.6337717
274 3.6178572
276 3.6174467
276 3.6044695
276 3.5891302
274 3.6249766
274 3.609619
271 3.6782074
271 3.6628807
271 3.6809611
271 3.6654449
269 3.7007535
269 3.6847932
270 3.7027285
268 3.703461
269 3.7025561
269 3.6904569
269 3.6749232
267 3.7343464
267 3.7239165
264 3.7763627
264 3.760417
265 3.76089
265 3.746029
264 3.7783968
264 3.7638793
264 3.7806592
264 3.766244
265 3.7660403
264 3.7679908
264 3.7528071
265 3.7545018
265 3.7396016
266 3.7405348
266 3.726313
267 3.7272892
267 3.7132807
268 3.7142432
268 3.7012165
268 3.716643
268 3.7027712
268 3.7185144
268 3.7051196
269 3.706091
269 3.6924605
270 3.6933634
270 3.6813195
270 3.6945102
269 3.6980546
269 3.6837428
269 3.6991546
269 3.6857836
270 3.687577
270 3.6741328
271 3.6753316
271 3.6621814
270 3.69143
270 3.6785197
271 3.6795847
271 3.6669066
271 3.6818447
271 3.6688926
271 3.670328
271 3.65521
271 3.686824
271 3.673132
271 3.6748812
271 3.6624613
271 3.676964
271 3.6647184
271 3.679264
271 3.666897
272 3.6674654
269 3.6951501
269 3.6833868
267 3.7241015
267 3.7122242
268 3.7124362
268 3.7010584
267 3.7271905
267 3.7157931
268 3.7161815
268 3.7044632
267 3.7312953
267 3.7189872
268 3.719832
268 3.7081568
265 3.7595408
265 3.7477677
263 3.7861693
263 3.7741508
264 3.7749484
264 3.7632272
265 3.7639136
265 3.752623
266 3.7536154
266 3.7414134
267 3.7427528
267 3.730934
267 3.7436793
266 3.7450912
266 3.7334623
266 3.746356
266 3.735018
267 3.7357664
267 3.7245727
267 3.7254808
267 3.7145164
268 3.715229
268 3.704403
267 3.7404723
267 3.7298114
264 3.777071
264 3.7659733
265 3.766785
265 3.755738
264 3.7796915
264 3.7690613
265 3.7695084
265 3.75858
265 3.7593126
265 3.748903
265 3.7378294
266 3.7500284
266 3.7399018
266 3.7401288
266 3.729499
264 3.7755718
264 3.7647321
262 3.798808
262 3.7882996
262 3.7999647
262 3.78926
262 3.811916
262 3.8014042
262 3.8021147
262 3.791521
261 3.825321
261 3.8150516
261 3.8259776
261 3.8154325
261 3.8156009
261 3.8058786
261 3.7952697
262 3.7966292
262 3.7863839
263 3.7865896
263 3.7765071
261 3.8192976
261 3.8098254
262 3.809965
262 3.8001258
262 3.8008084
262 3.7904894
263 3.790877
263 3.7815037
261 3.8127604
261 3.80291
262 3.803418
262 3.7937982
263 3.7940936
263 3.7849727
263 3.7849805
263 3.7754283
263 3.7861485
263 3.776527
262 3.8075423
262 3.7979147
261 3.8184814
261 3.8087602
262 3.8094287
262 3.8003094
263 3.800428
262 3.8013003
262 3.7914035
263 3.791881
263 3.7827294
264 3.7811453
264 3.7745838
264 3.764692
264 3.7655597
264 3.7560697
265 3.7567708
265 3.7478573
265 3.7578006
265 3.748675
264 3.7686872
264 3.7594707
265 3.7605858
265 3.751253
266 3.7517736
266 3.7428634
266 3.753021
266 3.744362
266 3.7447178
266 3.7359784
265 3.765117
265 3.7558072
265 3.7657218
265 3.7573657
266 3.7575104
266 3.7492461
266 3.7401175
264 3.7684615
264 3.7597451
265 3.7603664
265 3.7518117
264 3.7797322
264 3.7711384
264 3.7716255
264 3.7630208
265 3.7636945
265 3.7550786
266 3.755733
266 3.747174
266 3.747742
266 3.7392733
267 3.7399902
266 3.7404037
266 3.7324734
266 3.7504778
266 3.7423291
265 3.7609289
265 3.752627
265 3.7616506
265 3.7533183
266 3.753892
266 3.7456462
266 3.7461689
266 3.7380736
263 3.7907112
263 3.782555
262 3.8089304
262 3.8007705
262 3.8012655
262 3.7932873
263 3.793438
263 3.7853808
264 3.7857747
264 3.7776718
264 3.786654
264 3.7787118
264 3.7791486
264 3.7715428
265 3.7716744
265 3.7636085
265 3.755703
265 3.7647257
265 3.756882
265 3.757358
265 3.7495313
266 3.7498963
266 3.7426145
263 3.7924583
263 3.7845924
263 3.7850988
263 3.7772493
264 3.7777996
264 3.7702754
265 3.769173
265 3.762774
265 3.7550807
264 3.7718058
264 3.764156
265 3.7646031
265 3.7570596
265 3.7655218
265 3.7584305
265 3.7584627
265 3.7509317
266 3.75152
266 3.7440326
266 3.7525096
266 3.7451098
266 3.73768
266 3.7381105
266 3.730724
266 3.7392025
266 3.7318428
266 3.7401097
266 3.7328942
266 3.7411265
266 3.7339375
267 3.734456
267 3.7271621
267 3.7276633
267 3.7204976
265 3.767338
265 3.7601821
265 3.7682345
265 3.7610466
265 3.7615054
265 3.7543004
265 3.7623882
265 3.755209
265 3.763322
265 3.7563968
265 3.7641914
265 3.7570634
266 3.757608
266 3.7506886
266 3.7509887
266 3.743854
266 3.736943
265 3.7597926
265 3.752822
265 3.760661
265 3.7537706
265 3.754228
265 3.7472637
266 3.7476764
266 3.7407773
266 3.7488284
266 3.7416768
266 3.7422616
266 3.7353685
267 3.7358804
267 3.7292151
265 3.75863
265 3.7518122
266 3.752345
266 3.745427
266 3.7381554
267 3.7394128
267 3.73234
266 3.7400284
266 3.7332757
267 3.734103
267 3.727198
267 3.7348406
267 3.7280388
266 3.7431555
266 3.7362292
264 3.7721639
264 3.7654502
265 3.765865
265 3.7592127
265 3.7597432
265 3.753019
266 3.7535057
266 3.7469215
265 3.7614262
265 3.754772
266 3.7551475
266 3.7489722
266 3.7490957
266 3.7426138
267 3.7424111
267 3.7368948
267 3.7300804
267 3.7308028
267 3.7242024
268 3.7245996
268 3.718288
268 3.718796
268 3.7124398
269 3.71288
269 3.706606
269 3.7069786
269 3.7010376
269 3.7013433
269 3.694981
269 3.7023022
269 3.6960847
267 3.7370212
267 3.7309668
267 3.7310426
267 3.724819
268 3.725254
267 3.7327633
267 3.726294
267 3.7267494
267 3.7205346
268 3.7209735
268 3.714838
268 3.715334
268 3.709228
269 3.7096581
269 3.7035332
267 3.7369304
267 3.7307072
267 3.7377183
267 3.731587
267 3.7320735
267 3.7258747
267 3.733479
267 3.726813
267 3.7402925
267 3.7342653
267 3.7346945
267 3.7285752
268 3.7290604
268 3.7231374
268 3.7237012
268 3.7178059
268 3.717924
268 3.7122939
268 3.7252264
268 3.7195084
268 3.720049
267 3.7329066
267 3.7333772
266 3.7401512
267 3.7403255
267 3.734568
267 3.728711
267 3.7290907
267 3.7234943
268 3.723741
268 3.7179608
267 3.730807
267 3.725243
268 3.7254622
268 3.7196689
267 3.7324555
267 3.726947
267 3.7394981
267 3.7338343
267 3.7343836
267 3.7283998
267 3.74117
267 3.7354238
266 3.7480295
266 3.7423363
266 3.7549381
266 3.7491834
266 3.749634
266 3.7439275
267 3.7443166
267 3.7386353
267 3.7390313
267 3.7333527
267 3.7276688
266 3.746448
266 3.740513
266 3.7411509
266 3.7353544
266 3.747789
266 3.742201
266 3.7425194
266 3.7368896
266 3.7551408
266 3.7498882
264 3.7796624
264 3.7740774
264 3.7744794
264 3.7689183
265 3.7691262
265 3.7638118
265 3.7639825
265 3.758492
265 3.7588243
265 3.7532694
266 3.753279
266 3.748319
266 3.7429347
266 3.7431128
266 3.7376864
267 3.7379808
267 3.732556
267 3.7387402
267 3.73333
266 3.7511199
266 3.745621
265 3.7575784
265 3.7521942
266 3.7525501
266 3.747102
266 3.7475073
266 3.7421894
265 3.7595918
265 3.754315
265 3.7603624
265 3.754907
266 3.7554686
266 3.7502697
266 3.7503471
266 3.7451062
266 3.7397962
266 3.7400575
266 3.735106
265 3.757791
265 3.7524295
266 3.7528186
266 3.7475843
266 3.7479162
266 3.742724
264 3.776553
264 3.7714198
264 3.7770483
264 3.7721174
264 3.7722032
264 3.7669373
264 3.7783654
264 3.7730846
264 3.7734392
264 3.7682006
265 3.7684987
265 3.763571
265 3.7692163
265 3.763971
265 3.7645204
265 3.7594397
265 3.7595625
265 3.7544615
265 3.7492924
266 3.7497964
266 3.7447696
266 3.7449327
266 3.7398858
264 3.7834563
264 3.7783103
262 3.8056426
262 3.8007257
261 3.816835
261 3.811753
261 3.8227282
261 3.817591
261 3.8232021
261 3.8180168
261 3.8185039
261 3.8132973
262 3.8135254
262 3.8083603
261 3.8194866
261 3.8142262
262 3.8144314
262 3.8093727
262 3.8098855
262 3.8046055
262 3.815669
262 3.8104947
262 3.8107035
262 3.8057494
261 3.8216293
261 3.8167138
261 3.8118312
261 3.8120766
261 3.807014
262 3.807384
262 3.8022418
262 3.8025575
262 3.7975538
263 3.797894
263 3.7929287
261 3.813859
261 3.8090034
261 3.819525
261 3.8145375
261 3.8147755
261 3.8099046
262 3.809875
262 3.8057432
262 3.8106525
262 3.8058312
262 3.8059814
262 3.801217
263 3.8013732
263 3.7969737
263 3.7918537
263 3.7971032
263 3.7923799
263 3.7926419
263 3.7877834
263 3.7880313
263 3.7835336
264 3.7836344
264 3.7788875
264 3.7841766
264 3.7792518
264 3.7846406
264 3.779916
263 3.7901833
263 3.7855015
264 3.7855613
264 3.781047
264 3.7762814
264 3.7767832
264 3.7719038
264 3.772484
264 3.767585
265 3.7678716
265 3.763213
265 3.7684238
265 3.7637577
264 3.7838635
264 3.7789671
263 3.7893624
263 3.7845266
264 3.784771
264 3.7801743
264 3.7853506
264 3.7806723
264 3.7809389
264 3.7763689
264 3.7766218
264 3.7723057
264 3.7675622
265 3.767843
265 3.7632074
265 3.7636921
265 3.7589824
265 3.7689228
265 3.7643442
265 3.7696576
265 3.7649448
265 3.765244
265 3.7607996
265 3.7609954
265 3.756549
265 3.7615645
265 3.7571814
265 3.7668986
265 3.7624485
265 3.772208
265 3.767744
265 3.7727108
265 3.7683103
265 3.7684767
265 3.7691581
265 3.763838
265 3.7643278
265 3.7602456
265 3.7605443
265 3.7561412
265 3.7610867
265 3.7567284
264 3.7756984
264 3.77121
264 3.7716696
264 3.7671614
264 3.7720072
264 3.767859
265 3.7679884
265 3.763645
264 3.7778773
264 3.7734106
264 3.773637
264 3.769342
265 3.7696073
264 3.769959
264 3.7656307
264 3.775091
264 3.7706459
264 3.7752426
264 3.7707562
264 3.7713623
264 3.7670794
265 3.7673447
265 3.7630591
265 3.7633798
265 3.7591252
265 3.7593985
265 3.7552261
264 3.7734313
264 3.7692528
264 3.778525
264 3.7742484
264 3.7744517
264 3.770291
265 3.7704813
265 3.766267
265 3.7665796
265 3.7625306
265 3.767085
265 3.762893
265 3.7676048
265 3.7635727
265 3.7591305
265 3.7595825
265 3.755255
266 3.7555435
266 3.75143
264 3.773852
264 3.7695777
263 3.7877114
263 3.7833638
264 3.783569
264 3.7795858
264 3.7797284
264 3.7755916
264 3.780129
264 3.7763987
264 3.7806604
264 3.7765076
264 3.7811399
264 3.7770452
264 3.7769754
264 3.7727792
264 3.7820923
264 3.7779322
264 3.7783704
264 3.7741086
264 3.7744188
264 3.7791061
264 3.7749064
264 3.7837396
264 3.7796254
264 3.7799115
264 3.775827
264 3.7760518
264 3.77198
264 3.7722406
264 3.7682302
264 3.777043
264 3.773133
265 3.7730527
264 3.7734559
264 3.7694013
265 3.7698398
265 3.765637
265 3.7703767
265 3.7663584
263 3.7876058
263 3.7836258
263 3.7881353
263 3.7840512
264 3.7843113
264 3.7803035
263 3.7973936
263 3.7934604
263 3.7978358
263 3.7938786
263 3.7940948
263 3.790245
263 3.786086
263 3.7946458
263 3.7910135
263 3.7912793
263 3.7870414
263 3.795533
263 3.7916152
261 3.8167462
261 3.817
261 3.8212755
261 3.8175058
261 3.8175683
261 3.8135576
262 3.8137658
262 3.8098147
262 3.810089
262 3.8062754
262 3.8062868
262 3.802375
262 3.798456
262 3.8029988
262 3.7989624
262 3.799168
262 3.7952216
262 3.8035862
262 3.7997518
262 3.7999868
262 3.7962565
262 3.8003783
262 3.7964702
262 3.8047671
262 3.8011246
262 3.8051627
262 3.8014963
262 3.8016047
262 3.797719
262 3.801959
262 3.7981575
262 3.806401
262 3.8025873
262 3.802694
262 3.7991054
262 3.803151
262 3.7993402
263 3.799526
262 3.803726
262 3.799972
261 3.8161538
261 3.8124104
260 3.8326082
260 3.8286424
260 3.8287976
260 3.8249195
261 3.8252904
261 3.8213933
261 3.8254547
261 3.8216863
261 3.8218925
261 3.81812
261 3.8182392
261 3.814673
261 3.8265157
261 3.8227081
260 3.83488
260 3.8309214
260 3.8312523
260 3.82738
261 3.8275042
261 3.8238375
261 3.8278408
261 3.8241215
261 3.8243525
261 3.8207629
261 3.8168237
261 3.8171947
261 3.8133848
261 3.817416
261 3.8137171
262 3.8139267
262 3.8101501
262 3.8104954
262 3.8066561
262 3.8108757
262 3.8070724
262 3.811078
262 3.8074138
262 3.8076432
262 3.8040035
262 3.804177
262 3.8005188
263 3.8007097
263 3.797091
263 3.7934208
262 3.8012366
262 3.7978015
262 3.8016152
262 3.7981427
263 3.7985222
263 3.7946699
263 3.7948072
263 3.7912533
Start time: 17/12/2018 02:05:23.436
End time: 17/12/2018 02:09:47.329
Duration: 263893 milliseconds (263.893 seconds)
Average latency: 263 milliseconds
Reads average latency: 13 milliseconds
Writes average latency: 517 milliseconds
Average throughput: 3.7894146 operations per second
Number of requests: 1000
Number of reads: 504
Number of writes: 496
Number of timeouts: 0
Percentage of writes: 50%
Number of replicas: 8
