0 3.5842292
0 1.9646366
0 1.3054831
0 0.98135424
592 1.5748031
592 1.3271401
590 1.5932024
590 1.4792899
570 1.7361112
342 2.793296
342 2.5307302
272 3.6435905
193 4.912496
206 4.813137
206 4.524887
226 4.406365
206 4.688233
206 4.424779
222 4.399749
222 4.194966
222 3.962264
231 4.173471
231 3.9937491
244 3.9893618
244 3.8308063
258 3.8156288
258 3.6976779
258 3.5673516
275 3.576833
275 3.4638956
288 3.4557788
270 3.6200225
270 3.4906116
263 3.7598403
263 3.6538022
269 3.6605656
269 3.5556512
278 3.5770648
278 3.4814663
287 3.4667196
287 3.4123037
287 3.326996
281 3.532255
281 3.4492147
281 3.5495608
281 3.476447
288 3.4523408
288 3.4143903
288 3.3420281
295 3.3549006
295 3.292052
301 3.3036263
301 3.2438142
305 3.2629976
305 3.262288
300 3.2838378
300 3.2244499
305 3.2375834
305 3.1819105
312 3.1989336
312 3.1458907
312 3.0929828
311 3.1725888
311 3.1210985
310 3.1960664
310 3.1496062
304 3.2784932
304 3.2337725
309 3.2250633
309 3.1990862
309 3.1520882
299 3.3303728
299 3.2828145
303 3.2894735
303 3.2517724
303 3.2073193
303 3.2713678
303 3.228286
307 3.2360823
307 3.1971226
310 3.2068677
310 3.1676412
310 3.215434
310 3.1875923
310 3.1507173
293 3.3925087
293 3.3532383
296 3.3610392
296 3.3228557
300 3.326975
300 3.2952547
300 3.2586026
295 3.3526757
295 3.3164678
298 3.323657
298 3.289063
301 3.2962503
301 3.263042
301 3.310857
301 3.2772472
301 3.246882
293 3.37017
296 3.3659613
296 3.3447387
296 3.3128974
299 3.3197527
299 3.2871392
302 3.295686
302 3.2640188
304 3.2704678
304 3.2410243
307 3.2476802
301 3.2908704
301 3.2613268
298 3.3269799
298 3.3069239
297 3.348367
297 3.3198957
291 3.42788
291 3.397056
293 3.4019222
293 3.3748362
295 3.3755274
295 3.3536487
295 3.3269353
298 3.3311126
298 3.3063576
300 3.3108447
300 3.285192
295 3.38295
295 3.3576508
296 3.3626175
296 3.3365395
299 3.3397942
299 3.3167493
299 3.2931492
301 3.2984035
301 3.2735593
298 3.337649
298 3.3114474
298 3.346094
298 3.321324
299 3.3251371
299 3.3048213
299 3.2813103
300 3.3145237
300 3.2911737
302 3.2948039
302 3.2737617
302 3.304816
302 3.2839854
302 3.2626426
297 3.3440447
297 3.323208
290 3.4305758
290 3.4096444
292 3.412361
292 3.390946
294 3.39486
294 3.374578
294 3.395207
292 3.4068186
292 3.3850076
291 3.4138849
291 3.392459
282 3.5408037
282 3.519272
283 3.522384
283 3.5015497
281 3.5521054
277 3.577441
279 3.5756576
279 3.5601997
279 3.5385215
272 3.6562235
272 3.6358678
272 3.6584542
272 3.6397135
274 3.6368504
274 3.6218197
274 3.5998235
273 3.6468287
273 3.627226
275 3.6280687
275 3.6095622
273 3.6543422
273 3.635897
273 3.6535888
273 3.6387484
273 3.6195285
273 3.6431396
273 3.6242452
275 3.6250646
275 3.607578
275 3.5886395
277 3.5905912
277 3.5722258
277 3.5947251
277 3.5765235
279 3.578497
279 3.5610552
279 3.5433617
280 3.5461693
280 3.5281665
275 3.6279233
275 3.6104589
275 3.6124098
275 3.5944257
277 3.596159
277 3.5799296
278 3.5812411
278 3.5640876
278 3.584902
278 3.5695598
280 3.5670493
280 3.5550947
280 3.537866
280 3.5593064
280 3.5417616
280 3.5619524
280 3.5462277
281 3.5483987
281 3.5326185
282 3.534452
282 3.518874
284 3.5170817
284 3.506299
284 3.4902484
285 3.491681
285 3.4771724
286 3.4793746
286 3.4645615
287 3.4666803
287 3.4519293
289 3.4542608
289 3.440095
290 3.439033
290 3.4282832
290 3.412798
291 3.4157557
291 3.401304
289 3.4539173
289 3.4397063
288 3.457996
288 3.4445605
290 3.443459
290 3.4326427
290 3.4184177
291 3.420533
291 3.407673
291 3.4232943
291 3.4116695
291 3.3984036
291 3.43226
291 3.4182136
293 3.4060688
293 3.4000463
293 3.398523
293 3.3971586
293 3.382274
289 3.4562387
289 3.4491704
287 3.480772
284 3.514672
282 3.531276
282 3.5173688
282 3.5344684
282 3.5219674
283 3.523273
283 3.5102792
283 3.5267384
283 3.5136206
283 3.5282407
281 3.54641
281 3.533569
279 3.564391
279 3.5515773
280 3.5525768
280 3.540356
280 3.5562792
280 3.544232
279 3.5735557
279 3.5607803
278 3.591094
278 3.5781941
279 3.579018
279 3.56695
279 3.55442
277 3.598367
277 3.5849707
278 3.5862486
278 3.574608
269 3.7117398
269 3.7001264
265 3.7690315
265 3.7564013
265 3.7566147
265 3.744062
265 3.758192
265 3.746117
266 3.7459154
265 3.7479966
265 3.7351353
266 3.7341397
266 3.723174
267 3.7242243
267 3.7125812
268 3.7264018
268 3.714345
269 3.7132545
269 3.7029417
269 3.6914558
266 3.7436435
266 3.732151
266 3.7451284
266 3.7333267
267 3.7341206
267 3.722287
268 3.723671
268 3.7117114
268 3.7249286
268 3.7135477
268 3.7142506
268 3.7033834
269 3.7037494
269 3.692391
270 3.693512
268 3.7190585
268 3.7188728
268 3.7083268
268 3.6970365
269 3.6980379
269 3.687333
269 3.69989
269 3.6887596
270 3.6897733
270 3.6788702
271 3.67982
271 3.6689239
268 3.7168164
268 3.7060928
269 3.7065184
267 3.7308645
267 3.7205408
267 3.7326841
267 3.7213817
267 3.7341816
267 3.722897
264 3.7815416
264 3.7710407
262 3.8054874
262 3.7951958
260 3.8406634
260 3.829816
260 3.8297346
260 3.8193667
260 3.831031
260 3.8210156
260 3.8094814
261 3.8103492
261 3.7998383
261 3.8113968
261 3.8008573
261 3.812391
261 3.8019898
261 3.813541
261 3.8035662
262 3.8144298
262 3.8046308
262 3.8141544
262 3.8051505
262 3.7949646
262 3.7951477
262 3.7854486
263 3.7934084
263 3.7869518
263 3.7967567
262 3.7985396
262 3.7881587
261 3.8097644
261 3.7998867
260 3.8317788
260 3.8218555
261 3.8222797
261 3.8119178
259 3.843763
259 3.8338726
260 3.834419
260 3.8246028
261 3.8248959
261 3.815037
261 3.816015
261 3.8160949
261 3.8161354
261 3.807325
261 3.7973278
262 3.8079886
262 3.7979643
260 3.8288064
260 3.8193126
260 3.829851
260 3.8201735
260 3.8405051
260 3.8309247
260 3.8314555
260 3.8220954
261 3.8210304
261 3.812978
262 3.812652
262 3.8046181
262 3.7949927
262 3.79549
262 3.7861547
263 3.7866347
263 3.7775486
263 3.788243
263 3.7786152
261 3.8170495
261 3.8088145
261 3.8182476
261 3.8097227
262 3.809921
262 3.8005917
262 3.8093443
261 3.8106887
261 3.8026385
262 3.80221
262 3.7940733
261 3.821454
261 3.8136342
260 3.8322353
260 3.8234723
261 3.8238094
261 3.8154573
261 3.8242323
261 3.8163388
261 3.8250716
261 3.8168287
261 3.8167243
261 3.808537
262 3.808453
262 3.8005953
262 3.7921197
261 3.8102617
261 3.801564
261 3.810668
261 3.8026216
262 3.8026886
262 3.7942214
262 3.794375
262 3.7861993
262 3.8050065
262 3.7963398
262 3.805463
262 3.7975683
262 3.8064833
262 3.7980556
262 3.7987616
262 3.7905853
263 3.7909088
263 3.7829163
264 3.782862
264 3.7750518
263 3.7928417
263 3.7840998
263 3.7849205
263 3.7763317
263 3.7858071
263 3.777446
264 3.7778232
264 3.7698362
265 3.7706113
265 3.7627044
265 3.7625382
265 3.7554731
265 3.7476785
266 3.7481134
266 3.7403352
265 3.7572641
265 3.7495937
265 3.7669952
265 3.7588058
266 3.7572827
265 3.7658875
265 3.7688859
265 3.7606978
265 3.761251
265 3.7619557
265 3.760874
265 3.7547956
265 3.7471488
266 3.7475104
266 3.739455
266 3.7486842
266 3.7412632
266 3.749093
266 3.741973
267 3.742431
267 3.7349322
267 3.743431
267 3.7359004
266 3.744841
266 3.7370992
267 3.7376504
266 3.7459414
266 3.7454662
266 3.7394383
266 3.7317545
267 3.7322524
267 3.7250519
268 3.725269
268 3.718198
267 3.7343686
267 3.7271335
265 3.7590482
265 3.7514725
266 3.7519825
266 3.744422
266 3.7452319
266 3.7376275
266 3.7537136
266 3.7469254
266 3.7471228
266 3.740201
266 3.748086
266 3.7408757
267 3.7414808
267 3.734424
267 3.733289
267 3.7279923
267 3.7210565
267 3.7362523
267 3.7295792
267 3.7297504
267 3.7231975
267 3.73087
267 3.7239509
267 3.7315652
267 3.7249749
266 3.7550547
266 3.748475
266 3.7483861
266 3.7414842
266 3.7566073
266 3.749963
266 3.750421
266 3.7436204
267 3.7440882
266 3.7445543
266 3.7375293
266 3.7526312
266 3.7459154
266 3.7460494
266 3.7396672
265 3.754495
265 3.7476354
265 3.762827
265 3.7558687
265 3.7559288
265 3.7495713
265 3.764196
265 3.757472
264 3.7721639
264 3.7654502
265 3.765945
265 3.7591596
264 3.7740107
264 3.767367
264 3.774619
264 3.7678921
264 3.7753823
264 3.7689934
264 3.783199
264 3.776293
264 3.7839265
264 3.7773054
264 3.7772727
264 3.7713914
264 3.7646182
264 3.7718935
264 3.7657392
262 3.8002956
262 3.7934132
263 3.7941308
263 3.7872312
262 3.8087177
262 3.8018928
262 3.8022814
262 3.7958267
263 3.7961726
263 3.78975
263 3.790054
263 3.7837398
264 3.7841039
264 3.7777195
264 3.7780924
264 3.7717392
264 3.778809
264 3.7728288
264 3.7795463
264 3.7735097
264 3.7735348
264 3.7676024
264 3.7611163
265 3.760964
265 3.7555773
264 3.768985
264 3.7625144
263 3.7959883
263 3.7897165
263 3.790036
263 3.7838933
263 3.79082
263 3.784523
263 3.7848735
263 3.778828
264 3.7791622
264 3.7730477
264 3.773463
264 3.7673774
264 3.774168
264 3.76798
265 3.7686424
265 3.7623622
265 3.7628145
265 3.7568042
265 3.7507417
263 3.789133
263 3.7832787
263 3.7838626
263 3.7778664
263 3.790923
263 3.7847195
263 3.7913196
263 3.7854214
263 3.7919998
263 3.7863567
263 3.7926993
263 3.7868118
263 3.7932997
263 3.7874298
263 3.7938962
263 3.788232
263 3.794913
263 3.7885363
263 3.7888637
263 3.7831256
263 3.7899833
263 3.7839336
264 3.7839868
264 3.7783144
264 3.7790022
264 3.7729375
264 3.7670083
264 3.7797832
264 3.773838
262 3.8106601
262 3.8050084
262 3.8053737
262 3.7995853
262 3.7998657
262 3.7941723
262 3.800561
262 3.7949522
263 3.7950094
263 3.7896078
263 3.7959654
263 3.790056
263 3.7903697
263 3.7846227
264 3.7849436
264 3.779312
264 3.7855604
264 3.7802134
264 3.7803822
264 3.7747684
264 3.7809415
263 3.7932642
263 3.7877004
263 3.787812
263 3.7879457
262 3.8002522
262 3.794822
263 3.7949665
263 3.7893384
263 3.7955198
263 3.7899516
263 3.790235
263 3.785086
263 3.7906451
263 3.7853794
264 3.7857769
264 3.7804236
264 3.7800646
264 3.7753658
264 3.76966
264 3.7703364
264 3.764374
265 3.76525
265 3.7596133
265 3.7600205
265 3.7543652
265 3.7606816
265 3.755106
265 3.761318
265 3.7560546
266 3.756081
266 3.7509885
265 3.7570655
265 3.75169
266 3.7521234
266 3.7465596
266 3.7471883
266 3.7419615
265 3.7588305
265 3.7537496
266 3.7543652
266 3.7488859
266 3.7548604
266 3.7498333
266 3.7444663
266 3.75036
266 3.7450902
266 3.751029
266 3.745773
266 3.7463503
266 3.741012
267 3.741388
267 3.736318
267 3.7363722
267 3.7314456
267 3.7321181
267 3.7269657
267 3.732543
267 3.7277288
268 3.7279365
268 3.7227979
268 3.7231536
268 3.718418
268 3.7185168
268 3.7135193
268 3.724746
268 3.7196932
268 3.72003
268 3.7152965
268 3.7101574
269 3.7106645
269 3.7055454
269 3.7112787
269 3.7063503
269 3.7064846
269 3.7017143
269 3.7024052
269 3.697201
269 3.7084522
269 3.7033901
269 3.7038016
269 3.698818
269 3.704504
269 3.6996884
269 3.7157528
269 3.7110913
268 3.7166147
268 3.7115562
269 3.7118554
269 3.707262
269 3.7128778
269 3.7077541
269 3.7083268
269 3.7036843
269 3.703819
269 3.70946
269 3.7047384
267 3.7308998
267 3.7260478
268 3.7266889
268 3.7216437
267 3.7374241
267 3.7326076
267 3.7383273
267 3.7333305
267 3.7336144
267 3.7291322
267 3.7392998
267 3.7346704
267 3.7349887
267 3.7303004
267 3.7356613
267 3.7310026
267 3.7312868
267 3.7267582
268 3.7268775
268 3.7224786
268 3.7175658
268 3.7173038
268 3.7132692
268 3.7136476
268 3.7088828
269 3.7095256
269 3.704648
269 3.7100842
269 3.7055879
269 3.7107136
269 3.7063384
269 3.7065008
269 3.7021046
269 3.7022352
269 3.6976902
270 3.6980822
270 3.6935172
270 3.6935306
270 3.6894915
270 3.6847541
271 3.6851776
271 3.6806924
271 3.6859312
271 3.681438
270 3.6867712
270 3.682018
271 3.6825676
271 3.6781363
271 3.6833577
271 3.6788647
271 3.679308
271 3.674813
268 3.7188582
268 3.7145412
269 3.7146528
269 3.7101903
268 3.720195
268 3.7157185
269 3.7159889
269 3.7115283
269 3.711874
269 3.7074115
269 3.7079387
268 3.7176852
268 3.718022
268 3.7184114
268 3.718233
268 3.714272
268 3.709879
268 3.7149851
268 3.7105486
268 3.7156773
268 3.711233
268 3.7257402
268 3.7213998
267 3.7311323
267 3.7267256
268 3.7270467
268 3.7227426
267 3.7324455
267 3.728215
267 3.7376795
267 3.733296
267 3.7336943
267 3.7293081
268 3.7295885
268 3.7253041
268 3.730199
268 3.72608
268 3.7215898
268 3.7265413
268 3.7222679
268 3.722245
268 3.7182095
268 3.7187228
268 3.7142725
268 3.7146008
268 3.7103705
269 3.7106519
269 3.7065716
269 3.706958
269 3.7025862
269 3.7028751
269 3.6986196
269 3.7037039
269 3.6994061
270 3.699647
270 3.6956828
270 3.7003446
270 3.6961877
270 3.6965148
270 3.6923883
270 3.7019145
270 3.6976078
270 3.7026026
270 3.6983714
270 3.6987102
268 3.7214773
268 3.7173555
268 3.7175221
268 3.7132976
268 3.7138338
268 3.7094572
268 3.714422
268 3.7103686
269 3.7105255
269 3.7063372
269 3.7111022
269 3.707021
268 3.7162206
268 3.7121265
269 3.7123954
269 3.7083144
268 3.717423
268 3.7133784
269 3.713661
269 3.709776
269 3.7054923
269 3.7014945
269 3.7017405
269 3.6978688
270 3.6980371
270 3.6940167
270 3.694334
270 3.6903584
270 3.6993678
270 3.6954112
270 3.6956937
270 3.6917176
270 3.6957445
269 3.705323
269 3.7099814
269 3.7105029
269 3.710511
269 3.7066407
269 3.7065737
269 3.702971
269 3.6990097
270 3.699158
270 3.6952887
270 3.695694
270 3.691505
270 3.6963127
270 3.6923838
270 3.6969287
270 3.693039
270 3.6932242
270 3.6894095
270 3.6897235
270 3.685858
270 3.6904435
270 3.6865072
271 3.686823
271 3.68293
271 3.6832802
271 3.6793373
271 3.6798606
271 3.6758058
271 3.6763315
271 3.6722891
272 3.672802
272 3.6690023
272 3.6692104
272 3.6653001
272 3.6700695
271 3.6827114
271 3.6830263
271 3.6793933
271 3.6793747
271 3.6800284
271 3.6760893
271 3.6846685
271 3.6808698
271 3.6811998
271 3.6773973
271 3.6776998
271 3.67406
271 3.6826646
271 3.678755
271 3.679055
271 3.6753082
270 3.6961675
270 3.6924868
270 3.7008078
270 3.6972053
270 3.701434
270 3.6976724
269 3.7020276
269 3.6984386
270 3.69861
270 3.6948514
270 3.6951313
270 3.6915638
270 3.695764
270 3.6920836
270 3.6963494
270 3.6927652
270 3.6931646
270 3.6891294
270 3.689591
270 3.6858792
271 3.68621
270 3.6904519
270 3.6868393
270 3.6870792
270 3.683433
270 3.687764
270 3.6840067
271 3.6844983
271 3.6807222
270 3.6931388
270 3.6891558
269 3.7015686
269 3.6976871
269 3.7060993
269 3.7023823
268 3.7225363
268 3.7189429
268 3.7230406
268 3.7194095
268 3.7196863
268 3.7158754
268 3.7201064
268 3.7166972
268 3.7168586
268 3.7133572
269 3.7134924
269 3.7097974
269 3.7140386
269 3.7104373
269 3.7145245
269 3.71093
269 3.711067
269 3.7076125
269 3.7040062
268 3.7160125
268 3.712189
269 3.7126408
269 3.709029
268 3.7247844
268 3.7213979
268 3.7252295
268 3.721792
267 3.733761
267 3.7300346
267 3.7301512
267 3.726536
268 3.7268848
268 3.7234514
268 3.7275798
268 3.7240522
268 3.7241452
268 3.7207417
268 3.7208238
268 3.7172594
268 3.7139282
268 3.7139037
268 3.7105396
269 3.7144759
269 3.7108781
269 3.7113354
269 3.707832
269 3.7080526
269 3.7046847
269 3.70488
269 3.7013817
268 3.7167287
268 3.713254
268 3.7097578
268 3.7062817
269 3.714188
269 3.7105196
268 3.7295933
268 3.7261121
267 3.7338028
267 3.730338
267 3.7268937
267 3.723539
268 3.7273614
268 3.7239294
Start time: 17/12/2018 01:48:47.643
End time: 17/12/2018 01:53:15.961
Duration: 268318 milliseconds (268.318 seconds)
Average latency: 268 milliseconds
Reads average latency: 14 milliseconds
Writes average latency: 524 milliseconds
Average throughput: 3.726921 operations per second
Number of requests: 1000
Number of reads: 502
Number of writes: 498
Number of timeouts: 0
Percentage of writes: 50%
Number of replicas: 12
