0 3.6231885
0 1.9880714
348 2.624672
348 1.9704434
348 1.5797788
348 1.330672
452 2.128792
452 1.9762846
452 1.7391305
394 2.3980815
394 2.1723387
367 2.65252
367 2.4592683
389 2.5517437
389 2.3980815
407 2.4497797
407 2.3518345
407 2.214349
425 2.307047
425 2.1991205
425 2.0770392
408 2.360632
408 2.2589052
371 2.661344
371 2.5555022
381 2.5970058
381 2.5159094
381 2.4271843
379 2.6152787
379 2.532658
379 2.4334016
390 2.4978144
390 2.4084778
325 3.0563066
325 2.9700708
318 3.1073134
318 3.0218003
326 3.049101
326 2.9707026
336 2.9726517
326 3.0235052
326 2.947889
332 2.9728725
332 2.905657
340 2.9294274
340 2.8663251
338 2.9481132
338 2.915695
338 2.8538814
344 2.876548
344 2.822644
351 2.8428736
342 2.8674917
349 2.8285465
349 2.827521
349 2.7869086
349 2.7345393
358 2.7561498
358 2.7087424
364 2.733151
364 2.6878197
364 2.6426039
362 2.729119
362 2.6848152
366 2.7050288
366 2.6656973
371 2.6830432
371 2.6464362
369 2.7073731
341 2.9141192
341 2.8730776
344 2.8869643
344 2.8472867
349 2.8586838
320 3.0925088
320 3.0502236
323 3.0642984
323 3.0239353
328 3.0359762
328 2.9979014
326 3.0602171
326 3.0220315
330 3.0240483
330 2.9978588
330 2.963172
333 2.9763288
333 2.9403656
332 2.9997272
332 2.9656258
336 2.973021
326 3.0321672
326 2.9984357
312 3.1812906
312 3.1482666
310 3.1979804
310 3.1646888
288 3.4616334
288 3.426753
280 3.553689
280 3.517608
280 3.4850106
283 3.4896488
283 3.5213995
275 3.6144116
275 3.5799978
269 3.697555
269 3.6612246
271 3.6665308
271 3.6327608
271 3.670725
271 3.6376734
274 3.6407766
274 3.6098528
274 3.5774412
277 3.5713048
277 3.5512342
277 3.5880263
277 3.5575132
272 3.663619
272 3.6320016
272 3.6679666
267 3.704311
270 3.700818
270 3.6765893
270 3.6472998
270 3.6805534
270 3.653198
272 3.6548793
272 3.6265574
266 3.7524605
266 3.7243948
267 3.7265952
267 3.6976912
270 3.6980705
264 3.7627401
264 3.7340858
258 3.852215
258 3.8244243
254 3.912318
254 3.8839388
251 3.970392
251 3.9421074
253 3.9403086
253 3.9162314
253 3.888368
255 3.890198
255 3.8627892
258 3.863403
258 3.8376899
258 3.8649147
258 3.840551
258 3.8145847
260 3.8116124
260 3.7909276
262 3.7920806
262 3.7679746
261 3.8201962
261 3.7962189
262 3.7975955
262 3.7749057
263 3.7921035
257 3.8762562
257 3.8514376
255 3.901963
255 3.877472
257 3.8783965
257 3.8558257
258 3.8559494
258 3.8331401
259 3.8582788
259 3.8350015
260 3.8313284
260 3.8148525
260 3.791622
262 3.7936788
262 3.7725558
264 3.7726474
264 3.7514603
266 3.748745
266 3.7332504
266 3.7114768
263 3.778974
263 3.758659
262 3.8031077
262 3.782802
264 3.7836444
264 3.764545
265 3.760117
265 3.7457144
265 3.7250612
267 3.7272024
267 3.7078698
269 3.7082307
269 3.6911783
269 3.6709664
271 3.6733196
271 3.6537097
271 3.6760252
271 3.6579971
273 3.6587563
271 3.6608171
271 3.6426265
267 3.7229643
267 3.7048652
265 3.764752
265 3.746627
266 3.7479231
266 3.72998
267 3.7319148
267 3.7135077
264 3.7717252
264 3.7544336
266 3.754106
266 3.738038
267 3.7345324
262 3.7960856
262 3.7776878
263 3.7797472
263 3.7618012
265 3.763568
265 3.7455218
266 3.7468026
266 3.7301388
266 3.748929
266 3.7324045
267 3.7294307
267 3.7179961
267 3.701235
268 3.720264
268 3.7041547
268 3.721977
268 3.7061298
268 3.725066
268 3.7085142
268 3.7274058
268 3.7114868
269 3.7090738
268 3.7142234
268 3.6976929
268 3.7166047
268 3.7002008
269 3.702051
269 3.686818
268 3.7204576
268 3.7060015
268 3.719948
268 3.7081418
268 3.692774
268 3.7098303
268 3.6958818
270 3.6943264
270 3.681663
270 3.6673462
272 3.6688292
272 3.6548448
273 3.6395876
275 3.6320925
275 3.6304648
275 3.6290076
275 3.6131055
269 3.716619
267 3.7241108
268 3.7241964
268 3.7118402
266 3.7430005
266 3.7292674
267 3.7293873
267 3.716196
267 3.7322311
267 3.7179124
268 3.7193925
268 3.7049563
269 3.7041373
269 3.6925683
269 3.6791973
270 3.6805193
270 3.6672873
269 3.6971502
269 3.683901
267 3.727879
267 3.7152495
267 3.7303908
267 3.7164216
266 3.746268
266 3.733281
267 3.7330127
267 3.720425
267 3.7073553
268 3.7092912
268 3.6959908
269 3.6974928
269 3.6843762
270 3.685202
270 3.6729195
269 3.7014441
269 3.6884913
270 3.6894903
270 3.6771615
271 3.6781425
271 3.6663244
272 3.6664097
268 3.7217064
268 3.7089343
267 3.7211869
267 3.710794
266 3.7505553
266 3.7388291
266 3.7525644
266 3.7404225
267 3.7392335
267 3.7288482
267 3.7172816
267 3.7310572
267 3.7191293
268 3.7199264
268 3.7082036
269 3.7090771
269 3.6973226
268 3.7238579
268 3.711897
269 3.7126555
269 3.7017715
269 3.7020528
269 3.6912215
270 3.691626
270 3.6808012
271 3.6814618
270 3.6826575
271 3.6825922
270 3.684268
270 3.6730502
269 3.698216
269 3.6875105
269 3.700067
269 3.6889355
269 3.701852
269 3.6909127
269 3.703835
269 3.6931717
270 3.6935093
270 3.682982
270 3.672343
270 3.6844008
270 3.674205
271 3.6748936
271 3.6642315
271 3.6767247
271 3.6660347
272 3.6671174
272 3.656934
272 3.6689303
272 3.6590078
273 3.659559
273 3.649635
273 3.650581
273 3.639795
273 3.6519656
273 3.6424174
273 3.6315029
274 3.6332123
274 3.622747
275 3.6237488
275 3.6137278
276 3.6147888
276 3.6049263
273 3.6497946
273 3.6398113
273 3.6515388
273 3.6421976
273 3.6522772
270 3.6871727
270 3.6768658
270 3.6878612
270 3.6789477
271 3.6797645
271 3.6700957
271 3.6802528
270 3.682306
270 3.672242
270 3.683629
270 3.6740777
270 3.685362
270 3.6757796
271 3.676815
271 3.6674564
271 3.6781466
271 3.6686819
272 3.6696491
272 3.6602542
272 3.6613507
272 3.65195
272 3.6627047
272 3.6537952
273 3.653895
272 3.6657114
272 3.6560855
271 3.6771743
271 3.6678994
272 3.6685846
272 3.6594877
272 3.6604462
272 3.651596
273 3.6524968
273 3.6429873
274 3.6439764
274 3.6352172
274 3.645869
274 3.6366844
273 3.6563785
273 3.6486738
273 3.6394422
274 3.6403172
274 3.6313634
270 3.6901796
270 3.6813245
271 3.6826215
271 3.673262
271 3.673692
271 3.6657662
272 3.6660383
272 3.6578531
273 3.658421
272 3.6589172
273 3.6586516
273 3.6512492
273 3.6431582
273 3.643516
273 3.6349704
274 3.6351771
274 3.6277382
275 3.628602
275 3.6199346
273 3.6484551
273 3.6405194
273 3.6504405
273 3.6421685
273 3.651706
273 3.6434696
274 3.6441488
274 3.635967
274 3.6278875
272 3.6559432
272 3.6477897
272 3.6572623
272 3.6492743
272 3.6590943
272 3.6506474
271 3.67821
271 3.669823
271 3.670948
271 3.6625488
271 3.672404
271 3.6640387
271 3.682268
271 3.6746285
271 3.6750517
271 3.6672678
269 3.7028303
269 3.6948605
269 3.712785
269 3.704957
268 3.7142215
268 3.7060716
269 3.7067688
269 3.6982248
270 3.6992214
270 3.6915224
270 3.6922762
270 3.6839008
270 3.676408
270 3.685055
271 3.6860034
270 3.6951852
269 3.70361
268 3.7134967
268 3.705789
268 3.7146978
268 3.706989
269 3.7072911
269 3.6997225
267 3.7421415
267 3.7344089
267 3.7325785
267 3.7247486
268 3.7277737
268 3.719981
268 3.7203114
268 3.721098
268 3.7201164
268 3.714104
268 3.7065399
268 3.7151148
268 3.7074594
268 3.716268
268 3.709061
267 3.741483
267 3.7340457
265 3.7666447
265 3.759097
264 3.775547
264 3.7679517
264 3.7848003
264 3.7769756
264 3.777448
262 3.8018298
263 3.8008993
263 3.794782
263 3.7869842
263 3.7873728
263 3.780066
264 3.7804668
264 3.7729955
264 3.773467
264 3.766156
264 3.7824655
264 3.7748427
264 3.7753072
264 3.7680197
265 3.7684667
265 3.7611332
265 3.7615054
265 3.7547028
265 3.7701795
265 3.763215
264 3.7786734
264 3.771404
265 3.7719526
265 3.7649517
265 3.7711892
265 3.7658386
265 3.7588322
263 3.7965074
263 3.7897263
263 3.7897797
263 3.783121
264 3.783215
264 3.7761989
264 3.7765584
264 3.7696087
265 3.7699792
265 3.7633731
263 3.7928822
263 3.7862048
264 3.7864308
264 3.779428
264 3.779832
264 3.772978
264 3.7733922
264 3.773805
264 3.7738867
264 3.7747903
264 3.767761
264 3.767854
264 3.761434
264 3.769315
264 3.7621298
264 3.770116
264 3.763144
264 3.7706418
264 3.7639632
264 3.7714326
264 3.7646956
262 3.8006876
262 3.7939227
263 3.794368
263 3.7878253
263 3.7879322
263 3.7812638
262 3.8031366
262 3.7960649
261 3.8245203
261 3.8180482
261 3.8181794
261 3.8115282
262 3.8118558
262 3.8051853
261 3.8189366
260 3.8271222
260 3.8199842
261 3.820268
261 3.8140347
260 3.8278892
260 3.8212192
261 3.8216298
261 3.8149672
260 3.8290381
260 3.8224373
260 3.8295932
260 3.823092
261 3.823392
261 3.8169231
261 3.8171806
261 3.8108215
262 3.81114
262 3.8047094
262 3.811748
262 3.805338
262 3.8056636
262 3.7996407
263 3.799924
262 3.8066335
262 3.8068535
260 3.8340352
260 3.8274343
260 3.8279724
260 3.8214288
260 3.828388
260 3.8220668
260 3.8289266
260 3.8228507
261 3.8228652
261 3.8166692
260 3.8300676
260 3.8237054
261 3.8239923
261 3.8178844
261 3.8181548
261 3.811977
261 3.81889
261 3.812731
262 3.8131797
262 3.8066578
262 3.8072612
262 3.8009167
262 3.8077078
262 3.8016255
262 3.7954657
263 3.795598
263 3.7897334
263 3.7903078
263 3.784301
262 3.797348
262 3.7911336
262 3.7977238
262 3.7918155
262 3.7983837
262 3.792469
263 3.7927942
263 3.7869067
263 3.7933943
263 3.7875242
263 3.7877607
263 3.782106
264 3.7825851
264 3.7763462
264 3.7831178
264 3.7772942
264 3.783647
264 3.777864
264 3.7781594
264 3.7722635
265 3.77296
265 3.766905
265 3.760985
265 3.7615566
265 3.755754
265 3.7564456
265 3.7506459
265 3.7629807
265 3.7572567
264 3.7757542
264 3.7700965
264 3.7704887
264 3.7649243
264 3.7770574
264 3.7716813
264 3.7780657
264 3.7721841
264 3.7725246
264 3.7668042
265 3.7671518
265 3.7615464
265 3.7618785
265 3.756565
264 3.780472
264 3.7748575
264 3.7751231
264 3.7697558
264 3.7642264
262 3.8055465
262 3.8056533
261 3.8120708
261 3.8066235
262 3.8067505
262 3.8011045
262 3.8072915
262 3.8016834
262 3.8135767
262 3.8083956
262 3.8083644
262 3.8028314
262 3.8089845
262 3.8035102
262 3.808942
261 3.8157396
261 3.8099725
261 3.8163338
261 3.8105388
260 3.8337634
260 3.828265
260 3.8285756
260 3.8230567
261 3.823352
261 3.8178997
260 3.8294828
260 3.8241243
261 3.8242865
261 3.8188636
261 3.8192055
261 3.8137405
261 3.819714
261 3.8142638
262 3.8145885
262 3.8092678
262 3.8094916
262 3.8043418
262 3.8044236
262 3.7991042
262 3.8050098
262 3.7996833
262 3.794477
263 3.7947617
263 3.7894292
263 3.7953074
263 3.7899895
263 3.7905083
263 3.7851071
262 3.8019052
262 3.796753
263 3.7969482
263 3.791713
263 3.7977934
263 3.7925293
263 3.7925642
263 3.7876728
263 3.7877965
263 3.7825751
264 3.7828493
264 3.7780375
264 3.7834563
264 3.7783716
264 3.784122
264 3.7789881
264 3.7792447
264 3.7744358
264 3.7691946
264 3.7747972
264 3.7697914
264 3.7700987
264 3.7650926
264 3.7813423
264 3.7762544
262 3.8034124
262 3.798066
262 3.8038929
262 3.7987008
262 3.8042703
262 3.7991514
262 3.8047059
262 3.79976
262 3.805179
262 3.8004053
262 3.8005672
262 3.7955928
262 3.8012474
262 3.7961068
263 3.7963924
263 3.7913704
263 3.791622
263 3.7868752
263 3.7920837
263 3.7874665
263 3.7824302
264 3.7826526
264 3.777733
264 3.7783115
264 3.7731965
262 3.799193
262 3.7942965
263 3.7948134
263 3.789741
263 3.7950664
263 3.7905104
263 3.7957053
263 3.7907932
263 3.7961285
263 3.7913632
262 3.8017216
262 3.7969809
263 3.79718
263 3.7925715
263 3.7926037
263 3.788127
263 3.7831275
263 3.7827723
263 3.7786667
264 3.7789633
264 3.7741146
264 3.7746806
264 3.7697172
264 3.780067
264 3.7754858
264 3.7755396
264 3.771088
265 3.771166
265 3.766693
265 3.7667396
265 3.7621152
264 3.7822044
264 3.7775352
264 3.7773995
264 3.783158
264 3.7783003
264 3.7786098
264 3.774011
264 3.7840354
264 3.7794225
263 3.7895272
263 3.7848265
263 3.7850704
263 3.7805157
263 3.7856119
263 3.780994
264 3.7815168
264 3.776695
264 3.7770386
264 3.7726538
264 3.7823527
264 3.777809
264 3.7780948
264 3.7735486
264 3.7737482
264 3.7692182
264 3.7742906
264 3.769753
265 3.7702267
265 3.7655423
265 3.7658222
265 3.7613878
265 3.7659132
264 3.776169
264 3.7717028
264 3.7719913
264 3.7674868
264 3.772549
264 3.7680364
265 3.7683103
265 3.76392
265 3.7641804
265 3.7597346
265 3.760017
265 3.7556746
266 3.755961
266 3.7517035
266 3.7517836
266 3.7473834
266 3.7477655
266 3.743363
267 3.7436268
267 3.7393262
267 3.7395594
267 3.7354295
267 3.7309282
267 3.7314296
267 3.726961
267 3.7269318
267 3.7228913
268 3.7233994
268 3.7189436
268 3.7192664
268 3.715031
268 3.7153065
268 3.7112212
269 3.7116027
269 3.7072253
269 3.7120745
269 3.7078083
269 3.7128825
269 3.7085743
269 3.7088044
269 3.7048302
269 3.7049465
269 3.7007844
269 3.7101555
269 3.7060137
269 3.7110107
269 3.7066932
269 3.7071738
269 3.7029371
270 3.7031877
270 3.699098
270 3.6950011
269 3.6996725
269 3.6954684
268 3.7139
268 3.7095232
268 3.7144883
268 3.7104347
269 3.7105918
269 3.706403
269 3.706729
269 3.7026525
268 3.7162867
268 3.7121923
268 3.7168806
268 3.7127948
269 3.7130785
269 3.7090387
269 3.709326
269 3.7054455
269 3.7055573
269 3.7059455
268 3.7237096
268 3.7198148
268 3.7199583
268 3.7159138
268 3.7162073
268 3.712208
269 3.712489
269 3.7085183
268 3.717472
268 3.7134726
268 3.717472
268 3.7140446
268 3.7186937
268 3.7147262
269 3.7148898
269 3.711015
269 3.7069886
269 3.7071602
269 3.7033696
269 3.7122552
269 3.7082129
269 3.712887
269 3.708853
269 3.7134688
269 3.709522
269 3.7140481
269 3.7101407
269 3.714625
269 3.7108827
268 3.7195084
268 3.7156117
268 3.7159286
268 3.712138
269 3.7122538
269 3.708334
268 3.721315
268 3.7173312
268 3.7220268
268 3.7179255
268 3.7268124
268 3.7227144
268 3.7231767
268 3.7193248
268 3.7194786
268 3.7155144
269 3.7160594
269 3.711968
269 3.7122524
268 3.7210772
268 3.7210114
268 3.717472
268 3.7134926
268 3.7137432
268 3.7099144
269 3.7102144
269 3.7063818
269 3.7066543
269 3.7029858
269 3.7033222
269 3.6993906
268 3.7202227
268 3.716434
268 3.7208426
268 3.7169693
267 3.7296934
267 3.7257276
268 3.7260077
268 3.7222211
268 3.7224739
268 3.7188652
268 3.7230837
268 3.7193005
267 3.7317371
267 3.7281342
268 3.7282436
268 3.7245305
267 3.732973
267 3.7291272
267 3.7334218
267 3.729583
268 3.7300055
268 3.7263432
268 3.7264683
268 3.7226374
268 3.7189934
268 3.7193642
268 3.7155223
268 3.7198215
268 3.7160313
267 3.7284684
267 3.7246473
267 3.729054
267 3.7251804
268 3.7254832
268 3.7217393
268 3.7220302
268 3.7182972
268 3.7186353
268 3.7148838
269 3.7153563
269 3.7115715
268 3.7158737
268 3.7122276
269 3.71235
269 3.7088895
269 3.7129881
269 3.70949
268 3.7253294
268 3.7217538
268 3.721924
268 3.7183151
268 3.726315
268 3.7226944
268 3.7228196
268 3.7193542
268 3.7157362
268 3.7160707
268 3.712391
269 3.7126982
269 3.7090864
269 3.713226
269 3.70985
269 3.713852
269 3.7102673
269 3.7106752
269 3.7069721
269 3.711104
269 3.7076778
269 3.7154152
269 3.7119925
269 3.7160892
269 3.712615
269 3.7165473
267 3.736095
267 3.7361615
267 3.7325823
267 3.7292373
266 3.7484002
266 3.7448483
266 3.7526093
266 3.7492166
266 3.7493405
266 3.7458012
266 3.7459853
266 3.7425828
267 3.7427413
267 3.7392073
267 3.739425
267 3.735929
267 3.7324114
267 3.7289145
267 3.7330408
267 3.7293534
267 3.7334013
267 3.7299166
268 3.7301137
268 3.7266521
268 3.7232115
268 3.71986
267 3.7311482
267 3.727713
Start time: 17/12/2018 01:48:47.647
End time: 17/12/2018 01:53:15.943
Duration: 268296 milliseconds (268.296 seconds)
Average latency: 268 milliseconds
Reads average latency: 14 milliseconds
Writes average latency: 524 milliseconds
Average throughput: 3.7272267 operations per second
Number of requests: 1000
Number of reads: 502
Number of writes: 498
Number of timeouts: 0
Percentage of writes: 50%
Number of replicas: 12
