0 3.6630037
0 1.980198
0 1.3089005
0 0.98328424
593 1.5772871
593 1.3289037
592 1.6277808
465 1.9417477
465 1.7383745
465 2.0008004
465 1.8162005
370 2.6516407
370 2.4577572
352 2.8328612
322 2.9294274
339 2.9390154
295 3.2917943
295 3.0987163
263 3.772794
263 3.6014404
263 3.3975086
279 3.448902
279 3.3003302
293 3.3255737
293 3.1933577
295 3.3598046
295 3.2549195
295 3.1401656
312 3.1649923
312 3.065032
312 2.9445653
325 3.00075
325 2.8894775
335 2.9380655
335 2.8551853
341 2.8847222
341 2.805352
351 2.841208
351 2.768379
359 2.773925
317 3.120429
317 3.0424037
297 3.3438604
297 3.2682705
303 3.2839265
303 3.2162726
296 3.3692722
283 3.498251
283 3.4240992
288 3.435328
288 3.3709629
295 3.3801951
295 3.3197527
299 3.3357506
299 3.3342998
299 3.2866533
299 3.224902
294 3.375818
294 3.3177602
300 3.3326666
294 3.3429472
294 3.2867177
288 3.4166403
288 3.3712075
283 3.5038111
283 3.4528716
288 3.4577322
288 3.4105608
289 3.4558232
289 3.4287672
289 3.3797104
293 3.3862553
293 3.339721
298 3.3437603
289 3.4140615
289 3.3654099
289 3.427503
289 3.3823605
293 3.3898306
293 3.347322
289 3.4538906
281 3.509114
285 3.5037198
285 3.4733787
285 3.4331937
288 3.4410603
288 3.3994856
289 3.4539175
285 3.4595857
288 3.4159975
272 3.6488328
272 3.6065004
259 3.8258178
259 3.7861063
262 3.7867632
262 3.7473457
265 3.749794
265 3.7120132
268 3.7149203
268 3.6772056
268 3.6431315
271 3.646201
271 3.6759017
271 3.6525817
271 3.6178071
272 3.6595488
272 3.6235945
274 3.6292264
274 3.5958025
277 3.597776
277 3.5653834
280 3.5691342
280 3.538821
280 3.507049
283 3.5017161
283 3.482038
285 3.485273
285 3.4556358
288 3.4617195
288 3.431732
288 3.4694686
288 3.441833
290 3.4406648
285 3.4828596
285 3.4551156
285 3.4899585
285 3.4640214
284 3.4984694
284 3.4713612
286 3.475426
286 3.4494338
284 3.5142996
284 3.4870439
284 3.5189216
284 3.4958818
284 3.4692616
286 3.4726274
286 3.4475768
288 3.4529395
288 3.4268088
290 3.4313586
290 3.4069152
290 3.4371943
290 3.4160972
290 3.3917935
292 3.3968878
292 3.3729565
293 3.4039335
293 3.3812795
292 3.4116046
292 3.3900998
292 3.3680663
294 3.371227
294 3.3493445
294 3.3791628
294 3.3585436
296 3.3616016
296 3.3405037
298 3.344734
298 3.3247507
298 3.3458078
290 3.431675
290 3.4097042
286 3.4872096
286 3.4653227
287 3.4687095
287 3.4485235
289 3.4511485
289 3.4307346
289 3.4581726
289 3.4373102
290 3.4364262
290 3.4216487
290 3.4008133
290 3.4278665
290 3.4087808
290 3.4336314
290 3.414349
290 3.436196
290 3.4219942
290 3.402037
290 3.427291
290 3.4088674
292 3.4117827
292 3.3935673
292 3.4180317
292 3.4007785
293 3.3988316
293 3.3858135
293 3.367145
295 3.3710926
295 3.3536077
297 3.3559134
296 3.361102
296 3.3426983
292 3.407885
292 3.389693
292 3.4131072
292 3.3965752
294 3.3987083
294 3.3821423
294 3.3653371
293 3.3886952
293 3.3714914
295 3.3744905
295 3.3582451
295 3.380728
295 3.3645434
294 3.3873005
294 3.370594
295 3.3735762
295 3.3581104
295 3.3785686
295 3.3641086
297 3.362812
297 3.3515415
297 3.3352988
298 3.3392658
298 3.3234117
300 3.3270915
300 3.3111384
301 3.31436
301 3.29962
301 3.3203611
301 3.3057265
300 3.3227878
299 3.3302205
299 3.315208
300 3.3184295
300 3.3040605
301 3.306386
301 3.2923088
302 3.2957978
302 3.281154
302 3.3017905
302 3.28769
304 3.2874217
304 3.2771459
304 3.2625608
302 3.2998352
302 3.285271
299 3.3383465
299 3.3246105
300 3.3269963
300 3.3140693
301 3.3136787
301 3.3032157
301 3.2895267
302 3.292168
302 3.27979
301 3.3120492
301 3.3012729
301 3.2881217
299 3.338057
299 3.3253338
301 3.312855
300 3.30742
300 3.3059382
300 3.3046107
299 3.3362546
299 3.3190072
299 3.3119152
300 3.3288743
300 3.3178804
300 3.3203034
300 3.3081214
301 3.3099194
301 3.2982123
302 3.300919
302 3.2882555
302 3.3060293
302 3.2931976
303 3.294097
303 3.284288
303 3.2719183
301 3.3036776
301 3.2918007
301 3.3086383
301 3.296782
302 3.299293
302 3.288116
303 3.2905936
303 3.278781
300 3.3230078
300 3.3116765
301 3.3134804
300 3.3162413
300 3.3045917
299 3.3359635
299 3.3237252
297 3.3537676
297 3.3418705
297 3.3575368
297 3.3463469
295 3.3759506
295 3.3641376
296 3.3662326
296 3.3549843
296 3.370426
296 3.3595967
296 3.3740702
295 3.37726
295 3.3656702
296 3.3660736
296 3.3566728
294 3.3976269
294 3.3870044
294 3.3889062
294 3.377985
294 3.3675249
292 3.4058194
292 3.3972182
290 3.4370847
290 3.4265335
291 3.4278314
291 3.4170296
290 3.4314406
290 3.4205663
289 3.4479299
289 3.4368556
289 3.4509394
289 3.4408228
290 3.4419572
290 3.4318871
291 3.4331279
291 3.422599
291 3.424532
290 3.4260774
291 3.4272797
290 3.4300952
290 3.4192371
288 3.4572065
288 3.4467437
285 3.4968805
285 3.4859014
286 3.487514
286 3.4772081
286 3.4907525
286 3.4807029
286 3.4816976
286 3.471774
286 3.4617455
287 3.4627898
287 3.4532073
288 3.4545517
288 3.4445293
287 3.4691808
287 3.4590943
284 3.5066006
284 3.496863
284 3.5093317
284 3.499841
285 3.5008612
285 3.4909732
285 3.5035937
285 3.4936755
285 3.5062566
285 3.4970896
285 3.4866104
285 3.4998057
285 3.4897246
284 3.513191
284 3.503476
284 3.50484
284 3.4952776
284 3.5076602
284 3.4980657
284 3.5101829
284 3.5012033
285 3.5010374
285 3.4930356
285 3.4832718
284 3.5059128
284 3.49684
285 3.4951248
285 3.4891763
286 3.4892724
286 3.4811866
286 3.4716728
284 3.504636
284 3.4955492
285 3.496833
285 3.487777
283 3.5205033
283 3.5115426
284 3.5122983
284 3.5032604
284 3.504649
284 3.4956768
285 3.4971848
285 3.4882054
285 3.499393
284 3.5010586
285 3.5015783
282 3.5339985
282 3.5247185
282 3.5259864
282 3.5170932
281 3.548232
281 3.5394337
279 3.5706093
279 3.5619764
280 3.5630987
280 3.5538223
280 3.564904
280 3.5563347
280 3.557355
280 3.548776
281 3.5487685
281 3.5412908
281 3.532331
282 3.533466
282 3.5247753
280 3.5548687
280 3.5463386
280 3.5575554
280 3.5485141
281 3.5492203
281 3.5415971
282 3.5421824
282 3.534274
282 3.535143
282 3.5270867
283 3.5265718
283 3.5194368
283 3.5116382
283 3.5216875
283 3.5134277
283 3.5232599
283 3.51605
283 3.516814
283 3.508772
284 3.5098414
284 3.502175
284 3.5120947
284 3.504137
284 3.5143595
284 3.506433
285 3.5074294
285 3.4999046
285 3.500721
284 3.5020404
284 3.4942305
285 3.4950547
285 3.4870763
286 3.4879446
286 3.4805794
286 3.4817388
286 3.4737997
286 3.4842274
286 3.476256
287 3.4776607
287 3.4697392
286 3.4795938
286 3.472375
287 3.4732578
287 3.4659011
285 3.501908
285 3.4943707
285 3.4953482
285 3.4879787
285 3.4977448
285 3.4900393
286 3.4911988
286 3.483152
286 3.4845896
286 3.4773374
287 3.4785433
287 3.471008
287 3.463594
287 3.4642327
288 3.4656317
287 3.4752758
287 3.4681494
287 3.4684806
287 3.4620395
288 3.46308
288 3.4558935
288 3.4650903
288 3.4579587
288 3.4676602
288 3.4604948
288 3.4594057
288 3.4521205
288 3.4638033
287 3.4647923
288 3.4656637
288 3.4587612
289 3.4584253
289 3.4528356
289 3.4458039
289 3.446762
289 3.439688
288 3.4572659
288 3.4504213
288 3.4672666
288 3.460681
284 3.5095892
284 3.5025568
284 3.5118315
284 3.5044584
285 3.5058644
285 3.4986165
285 3.4996388
285 3.4928756
286 3.492663
286 3.4873445
286 3.4798765
286 3.4887285
286 3.481998
285 3.4986382
285 3.4917238
285 3.4927416
285 3.4859743
286 3.4872704
286 3.4802423
286 3.4890108
286 3.482276
284 3.514099
284 3.5072606
284 3.5081255
284 3.5017815
285 3.5024662
285 3.4957027
285 3.4967432
285 3.4900165
286 3.4910898
286 3.4845054
286 3.483952
286 3.4792979
286 3.4722483
285 3.503259
285 3.497002
284 3.5126088
284 3.5064373
283 3.5219939
283 3.515462
284 3.5163102
284 3.5098393
284 3.5181015
284 3.511651
284 3.5124228
284 3.5062392
282 3.5364006
282 3.5298605
280 3.560022
280 3.5535665
281 3.5543811
280 3.5551927
281 3.5556912
278 3.5859988
278 3.5793211
278 3.5797713
278 3.5736718
276 3.6107068
276 3.603824
276 3.6120784
276 3.6053987
276 3.6060271
276 3.59964
277 3.6002767
277 3.5938456
277 3.6017218
277 3.5955918
277 3.5961037
277 3.589903
278 3.5903728
278 3.5840526
278 3.5851614
278 3.5784953
279 3.5793087
279 3.5729766
278 3.5947618
278 3.5884998
278 3.5961714
278 3.5898788
278 3.5902162
278 3.5848496
278 3.5781636
278 3.5857615
278 3.579911
277 3.6010528
277 3.594778
277 3.5955703
277 3.5893016
278 3.5901005
278 3.583912
278 3.5846682
278 3.5785828
279 3.579297
279 3.5732412
279 3.5806699
279 3.5747044
278 3.5821538
278 3.57611
279 3.576821
279 3.5708063
279 3.5782123
279 3.5725493
279 3.573214
279 3.5670078
280 3.5676322
280 3.5622835
280 3.555891
280 3.5568602
280 3.55078
281 3.5515902
281 3.5457258
281 3.5530393
281 3.5474014
281 3.5544326
281 3.5486717
280 3.555979
280 3.5503037
280 3.5638103
280 3.5581179
280 3.5588112
280 3.5530531
281 3.553821
281 3.548181
281 3.5554867
281 3.5494056
281 3.5504022
281 3.5444856
282 3.5452821
282 3.5396192
282 3.533907
281 3.5408149
281 3.535344
281 3.5426548
281 3.5370407
282 3.537818
282 3.5320282
281 3.5453386
281 3.539823
281 3.5467906
281 3.5415123
282 3.5419867
282 3.5364883
281 3.5433736
281 3.5378904
282 3.538522
282 3.5332391
282 3.5403066
282 3.5344672
282 3.5354066
282 3.5299647
282 3.5367095
282 3.5313041
283 3.5319817
283 3.5264702
283 3.527521
282 3.534348
282 3.528577
282 3.529922
282 3.5242615
283 3.524835
283 3.5193715
283 3.5201652
283 3.5148106
283 3.5215743
283 3.5162976
284 3.5170696
284 3.511879
282 3.536438
282 3.5314043
282 3.5321493
282 3.5266502
282 3.5333364
282 3.527979
282 3.534854
282 3.5293837
282 3.536005
282 3.5310104
282 3.5374842
282 3.5322309
282 3.5387878
280 3.5573332
280 3.5521154
280 3.5643494
280 3.5648425
280 3.5657105
280 3.5606153
279 3.5669594
279 3.5616693
280 3.568201
280 3.5629454
280 3.56356
280 3.5587187
280 3.5590696
280 3.5538988
281 3.5546255
281 3.5495992
281 3.549614
281 3.5509565
281 3.54559
281 3.552306
281 3.546912
281 3.553343
281 3.5482469
281 3.548952
281 3.5438364
281 3.5445254
281 3.5394711
282 3.540104
282 3.5352304
280 3.5642152
280 3.55896
280 3.5653036
280 3.5602021
280 3.5665262
280 3.5614376
280 3.5621126
280 3.557144
280 3.5633373
280 3.5585003
280 3.5645156
280 3.5595315
279 3.5713294
279 3.56633
279 3.561443
279 3.5675902
279 3.5625772
279 3.568765
279 3.5637643
278 3.5811095
278 3.5760067
278 3.5821025
278 3.5772483
279 3.577749
279 3.572816
279 3.5736923
279 3.5687585
279 3.5691128
279 3.5645096
280 3.564946
280 3.5600321
280 3.5660286
280 3.5614927
280 3.5618155
280 3.5570285
280 3.5630732
280 3.5582397
280 3.569547
280 3.5650048
280 3.5600736
278 3.5875494
278 3.5826004
278 3.5831575
278 3.5783994
279 3.5789225
279 3.574107
278 3.5855813
278 3.580541
278 3.586641
278 3.5817451
277 3.5981677
277 3.593326
278 3.593881
278 3.589209
278 3.5949104
278 3.5904005
278 3.590843
278 3.5861433
278 3.592063
278 3.587205
278 3.5929768
278 3.588224
278 3.5939417
278 3.5894425
278 3.5897517
278 3.5855665
278 3.5805943
278 3.5810807
278 3.5764234
278 3.5927095
278 3.5878456
277 3.5986571
277 3.5940194
276 3.60996
276 3.6053383
276 3.6109023
276 3.6065674
277 3.6069036
277 3.6022358
277 3.607812
277 3.6032832
277 3.6039329
277 3.5992374
277 3.6047347
277 3.6003783
277 3.6006646
277 3.5964146
277 3.5916681
277 3.6016457
277 3.5977366
277 3.5982597
277 3.5936427
277 3.5944211
277 3.589695
278 3.5902607
278 3.5857487
278 3.5862288
278 3.5820003
278 3.5922608
278 3.5880003
278 3.5882795
278 3.5838745
278 3.5942945
278 3.5898576
278 3.5899916
278 3.5860832
278 3.5814786
278 3.582028
278 3.5776682
278 3.5830348
278 3.578667
279 3.5792346
279 3.5747948
278 3.585051
278 3.580737
279 3.5812123
279 3.5768437
279 3.5824547
279 3.577887
279 3.5784671
279 3.5743132
279 3.5746028
279 3.5703084
279 3.5708432
279 3.5665464
280 3.566999
280 3.5627172
280 3.5632415
280 3.5589576
280 3.5596724
279 3.5695853
280 3.5700989
280 3.565895
280 3.5706804
278 3.5906556
278 3.5864086
278 3.5869162
278 3.5826328
278 3.587911
278 3.5836194
278 3.5841107
278 3.5799353
279 3.580413
279 3.5761845
278 3.5907824
278 3.5866356
277 3.5964983
277 3.5924215
278 3.5926967
278 3.588483
278 3.5937142
278 3.5894926
278 3.5945933
278 3.5904636
277 3.6048088
277 3.605284
277 3.6011233
276 3.6062143
276 3.602079
277 3.6022058
277 3.5983005
277 3.5989456
277 3.5946388
277 3.5997021
277 3.5956025
276 3.6097772
276 3.6058078
275 3.6246145
275 3.6203396
274 3.6481187
274 3.643926
273 3.6536255
273 3.649386
272 3.66332
272 3.6593947
273 3.6595652
273 3.6554542
273 3.6558275
273 3.6517627
273 3.6568022
273 3.652548
273 3.6620963
273 3.657911
273 3.6582131
273 3.6541734
273 3.650126
272 3.6593287
272 3.6551702
273 3.655768
273 3.6514761
273 3.6520274
273 3.648042
273 3.657169
273 3.653041
273 3.6578653
273 3.6538427
273 3.6542423
273 3.6502163
273 3.654974
273 3.6509562
273 3.6513088
273 3.647336
273 3.652092
273 3.648111
273 3.6440587
274 3.644513
274 3.6448226
274 3.6410105
274 3.6456146
274 3.6416512
274 3.6463876
274 3.6424634
274 3.6428208
274 3.6389248
274 3.647955
274 3.64403
274 3.6437843
274 3.6404247
274 3.640829
274 3.6369448
274 3.637195
274 3.63779
274 3.6339366
273 3.6556938
273 3.6517832
273 3.6521409
273 3.6481643
273 3.657184
273 3.6532102
273 3.653612
273 3.6497283
273 3.6543193
273 3.6504743
273 3.6507688
273 3.647091
273 3.6472952
273 3.6434739
274 3.643867
274 3.64015
274 3.6445737
274 3.6407254
273 3.6537771
273 3.6498659
273 3.6504188
273 3.6463964
274 3.6469514
274 3.6429415
274 3.6476765
274 3.6439028
274 3.6483216
274 3.6444337
274 3.6492236
274 3.6453729
274 3.6455598
273 3.646126
274 3.646145
273 3.6551378
273 3.651225
273 3.651541
273 3.6477764
273 3.6522768
273 3.64867
273 3.6529644
273 3.649349
273 3.6497402
273 3.6458654
273 3.6544209
273 3.6506991
273 3.6551745
273 3.6515346
273 3.651712
273 3.6481574
273 3.6606092
273 3.6568892
273 3.6572092
273 3.6536636
273 3.653882
273 3.650169
273 3.654555
273 3.6510267
273 3.6552699
273 3.6516297
273 3.6520557
273 3.6482933
274 3.6486332
274 3.6448822
273 3.6494145
273 3.645831
274 3.6460407
274 3.6422925
274 3.638727
274 3.6391764
274 3.6354172
274 3.639796
274 3.6360877
274 3.6366248
274 3.6329124
274 3.6374066
274 3.6336138
274 3.634007
274 3.6303551
275 3.6307364
275 3.627095
275 3.6275215
275 3.6240199
275 3.6282148
275 3.6246762
275 3.6251178
275 3.6215608
275 3.6217763
275 3.6184003
275 3.6225903
275 3.6191778
276 3.619409
276 3.6158075
276 3.6201398
276 3.6166294
276 3.6169188
276 3.6134048
276 3.6175387
276 3.6141717
276 3.610656
276 3.6110907
276 3.6075149
276 3.611803
276 3.6082895
276 3.6086545
276 3.605374
276 3.6210742
276 3.617579
274 3.6373596
274 3.6337292
275 3.6340818
275 3.6307275
275 3.6308587
275 3.627514
275 3.6278434
275 3.624618
275 3.6246586
275 3.6213455
276 3.6215274
275 3.6218746
275 3.6186292
276 3.6188545
276 3.6154253
275 3.6233122
275 3.6200368
276 3.6202872
276 3.6168694
276 3.6209652
276 3.6176767
276 3.617956
276 3.6145396
276 3.6148763
276 3.6114964
276 3.608096
276 3.6047156
277 3.6089547
277 3.60539
276 3.6095526
276 3.6061835
276 3.6102433
276 3.6068935
276 3.603563
276 3.6003196
277 3.6005313
277 3.5972161
277 3.6011276
277 3.5979254
277 3.598299
277 3.5949981
277 3.6027277
277 3.599416
277 3.5997999
277 3.5964968
277 3.6043296
277 3.6008954
277 3.6012368
277 3.5979044
277 3.5984604
277 3.5950441
277 3.6064186
277 3.603094
277 3.6034184
277 3.6002872
277 3.6041973
277 3.6009133
277 3.6048949
277 3.6016028
277 3.59833
277 3.595063
278 3.5953925
277 3.5994134
277 3.5960891
277 3.596665
277 3.593362
277 3.5900393
277 3.5869176
278 3.5871353
278 3.5838535
278 3.5842423
278 3.5810595
278 3.5850308
278 3.5817497
278 3.5821905
278 3.5789309
278 3.575728
278 3.57248
279 3.5764635
279 3.573259
279 3.57726
279 3.5740607
279 3.574454
279 3.571237
279 3.5680642
279 3.5648844
Start time: 17/12/2018 01:48:47.645
End time: 17/12/2018 01:53:28.337
Duration: 280692 milliseconds (280.692 seconds)
Average latency: 280 milliseconds
Reads average latency: 16 milliseconds
Writes average latency: 528 milliseconds
Average throughput: 3.562624 operations per second
Number of requests: 1000
Number of reads: 484
Number of writes: 516
Number of timeouts: 0
Percentage of writes: 50%
Number of replicas: 12
