0 3.7037036
0 1.9646366
350 2.6041667
350 1.9588639
350 1.5797788
350 1.325381
569 1.591512
569 1.4858841
570 1.7346054
570 1.5980823
570 1.456134
577 1.6622341
577 1.534213
583 1.6982734
583 1.6008538
578 1.7127478
513 1.8792577
513 1.7691288
365 2.7230833
365 2.5989604
365 2.451905
378 2.5394523
378 2.4347825
391 2.4925225
391 2.3934896
363 2.7468336
313 3.1101897
313 2.991453
313 3.1632514
313 3.063399
313 2.9434347
325 2.9992502
325 2.8880866
323 3.0541527
323 2.9717684
318 3.1052456
318 3.0198445
316 3.1555696
316 3.0747156
325 3.069915
315 3.1192124
315 3.041247
313 3.1598513
313 3.0855794
320 3.1053145
320 3.038458
320 3.115265
320 3.080766
320 3.0154848
326 3.0349014
326 2.9754913
325 3.0710173
325 3.0193236
327 3.0450227
327 3.0434783
327 3.0
327 2.9436502
333 2.9616365
333 2.9107156
340 2.931965
340 2.8833551
340 2.834869
338 2.9184113
338 2.8710525
343 2.8883975
343 2.8464148
341 2.9204912
341 2.8806584
340 2.936773
333 2.9709191
333 2.9284227
338 2.941503
334 2.955827
336 2.965599
336 2.9333334
336 2.891541
318 3.1152647
318 3.0742428
312 3.1868079
312 3.146853
306 3.2558827
302 3.264789
306 3.2631123
301 3.2824318
301 3.2444632
305 3.2544515
305 3.215139
301 3.3169758
301 3.2792778
304 3.2823243
300 3.2965584
300 3.2583196
299 3.3094082
299 3.2750628
291 3.4075134
291 3.3720496
294 3.3783784
294 3.3443453
287 3.4720821
287 3.436838
287 3.4049966
290 3.4104273
290 3.4432065
281 3.536693
281 3.503027
275 3.621275
275 3.585702
277 3.5916615
277 3.5585883
269 3.7062607
269 3.6728961
271 3.6756835
271 3.6444697
271 3.611754
272 3.6398933
272 3.6194415
274 3.6214554
274 3.5906644
274 3.6292763
274 3.5978413
275 3.6342013
275 3.6052573
277 3.6024926
277 3.5791442
277 3.5518863
279 3.5529613
279 3.5277815
282 3.5292647
282 3.5019212
279 3.5672548
279 3.5401473
279 3.5744576
279 3.5467389
281 3.5483198
281 3.5250905
281 3.498251
281 3.5305789
281 3.505113
283 3.5089736
283 3.4835248
283 3.516035
283 3.4909909
283 3.5206347
283 3.4990282
283 3.4741368
286 3.4786897
286 3.4541845
288 3.4575903
288 3.435596
290 3.4378915
290 3.416223
290 3.3940225
292 3.3970053
292 3.3749578
294 3.378814
294 3.3573387
296 3.361259
296 3.3401654
298 3.3443973
298 3.3244183
298 3.3454762
298 3.332593
298 3.3112583
298 3.340567
298 3.3196025
298 3.3479455
298 3.3284643
299 3.331826
299 3.31212
299 3.3402333
299 3.320084
300 3.3201764
300 3.305747
300 3.2856193
302 3.2904508
302 3.2721324
302 3.2977955
302 3.2792778
302 3.3020236
302 3.2883773
302 3.269201
296 3.3610861
296 3.3430202
296 3.3680277
296 3.3500473
296 3.3747475
296 3.3569243
297 3.3560612
297 3.3432078
297 3.324776
294 3.3917468
294 3.3741565
294 3.397133
292 3.402062
292 3.3834357
287 3.4688215
287 3.4503055
287 3.4736247
287 3.4565918
288 3.4584093
285 3.482102
285 3.4640431
285 3.486929
285 3.4692278
283 3.5107565
283 3.4938567
285 3.4963684
285 3.4796317
286 3.4827204
286 3.4662044
287 3.4683394
287 3.4528954
289 3.4533887
289 3.4386096
290 3.436873
284 3.4994168
284 3.4824588
286 3.4857907
286 3.4692426
287 3.4722853
287 3.4556377
287 3.4762247
287 3.4607658
287 3.4807754
287 3.4654346
288 3.463999
288 3.4533186
288 3.4377522
290 3.4411082
290 3.4248958
291 3.4273252
291 3.4127338
289 3.4500515
289 3.4347231
289 3.4541433
289 3.4399784
290 3.4389172
286 3.4785824
286 3.463102
287 3.4662623
287 3.450965
287 3.4703286
287 3.4560506
288 3.4590163
288 3.45953
288 3.4595332
288 3.4487224
288 3.4344313
287 3.4685981
287 3.4555578
288 3.455029
288 3.443898
288 3.430179
289 3.4480586
289 3.4351325
292 3.421515
291 3.4154482
291 3.4138656
291 3.412495
291 3.3975434
292 3.395274
292 3.3880715
294 3.3894699
294 3.3782248
294 3.39556
294 3.3836112
295 3.3851593
295 3.3720772
296 3.3745115
296 3.3620665
297 3.3648665
297 3.3518074
296 3.367102
296 3.3570762
296 3.3444328
297 3.3469532
297 3.3349214
298 3.3372173
298 3.3252592
298 3.3419502
298 3.3306289
297 3.3613205
297 3.349255
298 3.3509798
298 3.3400226
299 3.3412554
299 3.3299892
299 3.3183382
300 3.321937
300 3.3097513
299 3.3265977
299 3.3142967
299 3.3300576
299 3.319141
299 3.3350956
299 3.32392
299 3.3391228
299 3.3279657
300 3.3301234
300 3.3194246
299 3.3340862
297 3.351082
297 3.3390965
292 3.4053407
292 3.3958309
292 3.4105165
292 3.3998542
293 3.401714
293 3.3907518
293 3.3802526
292 3.4056444
292 3.3965652
292 3.411356
292 3.400451
292 3.4149623
292 3.4042015
288 3.4564972
288 3.445544
288 3.4602942
288 3.4491808
289 3.4507673
289 3.4402246
287 3.4795313
287 3.4682796
288 3.4698722
288 3.4592311
288 3.461054
288 3.4507146
289 3.4514186
288 3.4541686
288 3.4432347
286 3.4811308
286 3.4710546
287 3.4723055
287 3.46186
288 3.4635437
288 3.4533093
286 3.4905872
286 3.4807029
284 3.5168197
284 3.5067966
284 3.496667
285 3.4976041
285 3.487926
285 3.4891675
285 3.479045
286 3.480546
286 3.4704266
286 3.4835222
286 3.4738488
286 3.486385
286 3.4769566
287 3.4780443
287 3.468613
288 3.4700706
288 3.4598188
288 3.4613316
288 3.4522438
288 3.4418998
289 3.4441
289 3.4345984
290 3.435705
290 3.4262042
290 3.4387667
290 3.4293854
290 3.441946
290 3.432943
290 3.4448657
290 3.4360163
290 3.436055
290 3.4282017
290 3.4186199
291 3.419848
291 3.411108
291 3.4203882
291 3.4145665
292 3.4148877
292 3.4073713
292 3.3976636
293 3.3992484
293 3.3904355
294 3.3919954
294 3.3833525
294 3.3849583
294 3.3763425
293 3.3981888
293 3.389445
292 3.4117382
292 3.4030042
293 3.404744
293 3.3960025
294 3.397231
294 3.3886232
294 3.3897963
290 3.4325984
290 3.4235854
291 3.425106
291 3.4164674
290 3.437838
290 3.4293141
290 3.4308398
290 3.422545
291 3.4240117
291 3.4150975
287 3.475891
287 3.4675362
288 3.46881
288 3.460411
287 3.480199
284 3.5025072
284 3.4932714
284 3.504208
284 3.4955893
281 3.5547311
281 3.5465777
279 3.566656
279 3.557968
280 3.5586848
280 3.5510075
281 3.551569
281 3.54364
282 3.5444863
281 3.5458643
281 3.545297
281 3.538124
281 3.5302842
281 3.5496528
281 3.541328
281 3.5417695
281 3.534522
282 3.5356019
282 3.5271573
283 3.5281837
283 3.52051
283 3.5215151
283 3.5135357
283 3.5233827
283 3.515436
281 3.5528507
280 3.5543191
281 3.5549753
281 3.5471582
281 3.5392475
281 3.5399666
281 3.5318856
282 3.5326502
282 3.5251908
282 3.5262506
282 3.51821
283 3.5196557
283 3.5116034
282 3.5306296
282 3.522588
282 3.5323238
282 3.5249958
282 3.5345297
282 3.5270436
280 3.5541816
280 3.546532
281 3.5473943
281 3.5399766
282 3.5410335
282 3.533111
277 3.6031375
277 3.5948331
277 3.596042
277 3.5885577
277 3.5980752
277 3.5902815
277 3.5826128
276 3.608453
276 3.6095579
276 3.6019888
276 3.594603
277 3.594639
277 3.5876324
278 3.588587
278 3.5809605
278 3.582194
278 3.5745533
278 3.5923064
278 3.584973
278 3.5834286
278 3.5772707
279 3.5775225
279 3.5719576
279 3.5723379
279 3.565194
279 3.558224
280 3.557122
280 3.5512981
280 3.5604546
280 3.553147
280 3.5624068
280 3.5553544
280 3.5558493
280 3.5490956
281 3.5496306
281 3.5425184
278 3.5917127
278 3.584172
278 3.5857146
277 3.593919
278 3.594753
276 3.6036463
277 3.603205
275 3.6213589
275 3.6136043
276 3.6143346
276 3.6073623
276 3.615929
276 3.608783
275 3.6251655
275 3.6181421
276 3.6191926
276 3.611899
276 3.6126776
276 3.6057043
275 3.6218762
275 3.6148283
276 3.6154845
276 3.6092508
275 3.6323595
275 3.6256497
275 3.6261418
275 3.6191664
275 3.6275878
275 3.6208556
275 3.6350994
275 3.6298325
275 3.6230793
275 3.6234336
275 3.6172607
274 3.632333
274 3.6259515
274 3.6338131
274 3.627074
274 3.642581
274 3.6358778
274 3.6439044
274 3.6375196
274 3.6451378
274 3.6390154
274 3.646576
274 3.6398325
274 3.6478171
274 3.6412024
274 3.6418571
273 3.6425095
273 3.6355705
273 3.643966
273 3.6371806
272 3.6592155
272 3.6529813
271 3.675464
271 3.668458
271 3.676893
271 3.669909
272 3.6708932
272 3.6638145
272 3.6643355
272 3.6577902
272 3.65845
272 3.6519384
273 3.6526318
273 3.646334
270 3.6960752
270 3.6895692
269 3.7045627
269 3.6976748
269 3.7052863
269 3.6987317
270 3.6993606
270 3.6929164
270 3.700406
270 3.6939313
270 3.7009828
270 3.695476
270 3.688584
269 3.7028863
269 3.6968448
270 3.6971626
270 3.6907206
270 3.6981995
270 3.6917522
269 3.7060292
269 3.699641
269 3.700202
269 3.6939206
270 3.6944394
270 3.688189
269 3.7021775
269 3.6960099
270 3.6965215
270 3.690285
270 3.6908045
270 3.6845982
270 3.6985018
270 3.6926486
270 3.6931365
270 3.6866972
271 3.6871197
269 3.7014925
269 3.6948504
269 3.70221
269 3.6958816
270 3.6964557
270 3.6903524
270 3.6908607
270 3.6850045
271 3.6852546
271 3.6792817
271 3.679853
271 3.6737404
270 3.687277
270 3.6813877
270 3.6883626
270 3.6823952
270 3.6895123
270 3.6838233
271 3.6839528
271 3.6779127
271 3.6789727
269 3.6982203
269 3.705173
269 3.705644
269 3.6996639
268 3.7126665
268 3.7069302
269 3.7078896
269 3.7016377
269 3.7083442
269 3.7025335
269 3.7092643
269 3.7034938
269 3.7039135
269 3.6981459
269 3.7048879
269 3.699137
270 3.6995146
270 3.69379
269 3.706634
269 3.7013535
269 3.7138703
269 3.7079983
268 3.7210627
268 3.7155874
268 3.7156136
268 3.709935
269 3.7103355
269 3.7045457
269 3.7053397
269 3.699643
269 3.6936023
270 3.6947243
270 3.6887996
270 3.689116
270 3.683398
271 3.6839454
271 3.6783419
271 3.6788063
271 3.6732943
271 3.6738315
271 3.6684096
271 3.6746798
271 3.6694493
272 3.6697469
272 3.6642756
272 3.6647773
272 3.6592207
273 3.6597285
273 3.6542833
273 3.6547754
273 3.6496134
273 3.649981
273 3.6445608
274 3.6449778
273 3.6459746
274 3.6460452
274 3.6409624
274 3.6411045
273 3.64773
273 3.6425178
274 3.6428912
274 3.6374888
274 3.6380596
274 3.6327224
275 3.6332352
275 3.6283836
275 3.6289854
275 3.6232722
275 3.63546
275 3.630319
275 3.6302032
274 3.6316547
274 3.6259575
275 3.626827
275 3.6213198
274 3.6448112
274 3.639584
273 3.6515718
273 3.646308
273 3.6582313
273 3.653015
273 3.653486
273 3.6484566
273 3.6548798
273 3.6492639
273 3.6498408
273 3.6446185
272 3.6620762
272 3.6568513
273 3.6573942
273 3.6522927
273 3.6583524
273 3.6533866
273 3.6536863
273 3.648578
273 3.6546903
273 3.6497974
273 3.6445735
273 3.645288
273 3.639944
273 3.6460261
273 3.6409173
274 3.6416326
274 3.6364439
274 3.636963
274 3.6320343
274 3.6379375
274 3.6329217
274 3.63382
274 3.6287043
275 3.628973
275 3.6242926
274 3.6355138
274 3.6305027
274 3.6418226
274 3.637407
274 3.6374052
274 3.6325169
274 3.6384609
274 3.6335251
275 3.6339786
275 3.6293547
275 3.624315
275 3.6249537
275 3.6199532
275 3.6204605
275 3.6156528
275 3.6214516
275 3.6165788
276 3.6173763
276 3.6122913
276 3.613245
276 3.6081219
276 3.6192257
276 3.614356
275 3.6306918
275 3.6259723
274 3.6473908
274 3.6428154
273 3.6589139
273 3.654125
272 3.665187
272 3.6602302
272 3.6711218
272 3.6662657
272 3.6666806
272 3.6620903
273 3.6622815
273 3.658031
273 3.6529584
272 3.6585178
272 3.65376
272 3.6649861
272 3.659836
272 3.6602733
272 3.6555562
272 3.6714182
272 3.6667178
272 3.6722023
272 3.6679811
271 3.6782525
271 3.6734924
271 3.6840658
271 3.6794415
271 3.6799974
271 3.675203
271 3.6755772
271 3.671098
272 3.6712909
272 3.6669574
272 3.662118
271 3.6719952
271 3.6680098
272 3.6684449
272 3.663738
271 3.6746485
271 3.6696148
270 3.7000604
270 3.6955764
268 3.725619
268 3.7212265
268 3.7213693
268 3.7169554
268 3.7220228
268 3.7174537
268 3.7227652
268 3.7181697
268 3.7181137
267 3.7337878
267 3.7289937
267 3.7293632
267 3.7248242
266 3.749614
266 3.7450433
266 3.7551892
266 3.7505312
266 3.7508168
266 3.7463038
266 3.7465758
266 3.7420056
267 3.7425733
267 3.7378013
265 3.75756
265 3.7531981
264 3.7725823
264 3.7680502
265 3.7683477
265 3.7638135
265 3.764025
265 3.7595067
264 3.774182
264 3.7744346
264 3.7748847
264 3.7799685
264 3.7800326
263 3.785116
264 3.7848673
264 3.7808173
264 3.7763455
263 3.790862
263 3.786335
262 3.8008416
262 3.7962954
263 3.7965357
263 3.792113
262 3.8017619
262 3.797272
262 3.8022099
262 3.797819
262 3.8074338
262 3.8031182
262 3.8031352
262 3.7986748
263 3.7989986
263 3.7945356
263 3.7947395
263 3.7903802
263 3.7951987
263 3.790814
263 3.7864392
263 3.7866864
263 3.782344
263 3.7914824
263 3.787372
262 3.8016331
262 3.7970839
262 3.8019142
262 3.7975845
262 3.8115246
262 3.8075252
261 3.816567
261 3.8122575
260 3.8398144
260 3.8354015
258 3.863308
258 3.858632
259 3.8586876
259 3.8547282
259 3.8544908
259 3.8501608
259 3.850313
259 3.8460147
259 3.8508594
259 3.8463793
259 3.8467083
259 3.8423123
260 3.8424032
260 3.8381598
260 3.834098
259 3.8428981
259 3.8385313
260 3.8391235
260 3.8344278
260 3.8392422
260 3.8350527
259 3.8439634
259 3.8396244
260 3.8398025
260 3.8355799
260 3.8357792
260 3.8315532
260 3.8316886
260 3.8274765
261 3.827633
261 3.8234687
261 3.8236291
261 3.819629
261 3.819609
261 3.815488
261 3.8156068
261 3.8116162
262 3.8116553
262 3.807511
262 3.812066
262 3.8079636
262 3.8124917
262 3.8084142
262 3.812915
262 3.808813
262 3.8126929
261 3.8135061
262 3.813724
262 3.8096554
262 3.809713
262 3.8101313
262 3.8060958
261 3.8233597
261 3.81927
261 3.8194473
261 3.8152885
261 3.8241327
261 3.8199778
261 3.8202026
261 3.816142
260 3.8333454
260 3.8293123
260 3.8379223
260 3.8340561
260 3.838299
260 3.8342776
260 3.8344696
260 3.8305583
260 3.8432267
260 3.8391688
260 3.8435738
260 3.8394592
259 3.8524532
259 3.8482082
258 3.861166
258 3.8569205
258 3.8614411
258 3.8574462
258 3.8616338
258 3.8575184
258 3.8621
258 3.8663664
258 3.8663123
258 3.8624983
258 3.862272
258 3.8585982
258 3.8544679
259 3.8545706
259 3.850597
259 3.8548875
259 3.8510807
259 3.8510277
259 3.847391
259 3.8472471
259 3.8433208
259 3.8557823
259 3.8518555
259 3.8520231
259 3.8480136
259 3.848327
259 3.844235
259 3.844394
259 3.8404872
259 3.8446956
259 3.8411405
260 3.8409896
260 3.8370864
260 3.8372207
260 3.833516
260 3.8335137
260 3.829696
261 3.8299456
261 3.826
261 3.82616
261 3.8222263
261 3.822559
261 3.818806
261 3.8188345
261 3.8149087
261 3.811419
261 3.8193026
261 3.8155255
261 3.8237245
261 3.8198287
261 3.8203592
261 3.8162916
260 3.8325472
260 3.8285663
260 3.832743
260 3.8288913
260 3.8290765
260 3.8252363
261 3.8254697
261 3.821777
260 3.8297217
260 3.8259866
261 3.8262339
261 3.8224795
261 3.8224885
261 3.8189256
261 3.8268414
261 3.8232362
261 3.827196
261 3.8233726
261 3.8235905
261 3.8198829
261 3.8277664
260 3.8281286
261 3.8279822
261 3.8244195
261 3.8206995
261 3.820933
261 3.8171496
260 3.828995
260 3.8252702
260 3.829296
260 3.8258154
261 3.8258357
261 3.822143
260 3.8301616
260 3.826339
261 3.8265061
261 3.8229742
261 3.8229089
261 3.8193872
261 3.8196774
261 3.8161356
261 3.8198035
261 3.8163123
262 3.816298
261 3.8164587
261 3.813039
Start time: 17/12/2018 01:48:47.641
End time: 17/12/2018 01:53:09.936
Duration: 262295 milliseconds (262.295 seconds)
Average latency: 262 milliseconds
Reads average latency: 15 milliseconds
Writes average latency: 522 milliseconds
Average throughput: 3.812501 operations per second
Number of requests: 1000
Number of reads: 513
Number of writes: 487
Number of timeouts: 0
Percentage of writes: 50%
Number of replicas: 12
