0 3.558719
0 1.9723865
247 3.9164493
247 2.9440627
247 2.3622048
247 1.99071
371 2.655337
371 2.478929
371 2.170139
225 4.398241
225 4.007286
213 4.657352
213 4.2984343
233 4.246886
233 4.004271
254 3.9177277
254 3.7602818
254 3.539823
261 3.7720034
261 3.6
261 3.3962264
266 3.6291053
266 3.479471
279 3.4906917
279 3.3519554
295 3.3577533
295 3.2592592
295 3.1347961
300 3.301238
300 3.197442
300 3.0718033
312 3.125
312 3.009148
310 3.1723652
310 3.0867727
317 3.1059344
317 3.0204961
326 3.0478191
326 2.969486
335 2.9711795
335 2.9248319
335 2.8517108
333 2.9717684
333 2.9046018
340 2.9307282
340 2.8653295
347 2.863158
347 2.8314457
347 2.771438
354 2.7957504
354 2.7433767
360 2.7658267
360 2.7157514
368 2.682909
368 2.6821313
368 2.6392753
368 2.5935793
377 2.6176207
377 2.5726085
384 2.5991335
384 2.5560362
384 2.5130484
379 2.601523
379 2.559301
376 2.642901
376 2.6044822
364 2.7420125
364 2.7046096
368 2.7067494
368 2.685561
368 2.6471417
366 2.7198045
366 2.682433
370 2.6962898
363 2.7202902
363 2.681529
347 2.855956
347 2.818345
351 2.8330045
351 2.7974823
354 2.8121765
354 2.7777777
352 2.8315017
341 2.9021363
341 2.8685634
344 2.8827825
344 2.847956
348 2.8628554
348 2.8303158
348 2.79801
336 2.9410474
336 2.9136767
339 2.9234738
339 2.8925092
341 2.904285
341 2.872726
340 2.9254222
340 2.8959498
334 2.9878466
334 2.9575157
334 2.9301128
336 2.9402542
335 2.9791844
335 2.9602861
335 2.9321046
337 2.942508
337 2.9136004
328 3.0364747
328 3.0085118
312 3.1977906
309 3.2050128
309 3.1763027
311 3.1847134
311 3.1561227
311 3.189461
311 3.171539
306 3.2458658
306 3.2182662
309 3.22624
309 3.198401
311 3.2049162
311 3.1793897
314 3.1807854
291 3.418142
291 3.3921084
290 3.4262872
290 3.4020033
292 3.404548
292 3.378169
284 3.5071526
284 3.4793224
286 3.483793
286 3.4567752
288 3.4589696
288 3.4364262
288 3.4102602
288 3.4432447
288 3.4184072
288 3.4516482
288 3.4266133
286 3.4878776
286 3.4630327
287 3.4648488
287 3.4436793
287 3.4191806
290 3.4240947
290 3.399973
292 3.4037495
292 3.3810983
294 3.384771
294 3.3634367
294 3.3415775
297 3.3449187
297 3.323208
299 3.3274007
299 3.3070986
298 3.3359647
298 3.3150291
300 3.3194187
300 3.2995875
300 3.320942
298 3.3327572
298 3.3114207
300 3.3163452
300 3.2955315
298 3.3481069
298 3.3286238
297 3.3557847
297 3.335936
297 3.3639145
297 3.3436213
298 3.3435497
298 3.3290179
298 3.3087475
300 3.3134525
300 3.295005
302 3.2979443
302 3.279425
298 3.3467948
298 3.332963
298 3.3135257
300 3.317296
300 3.2994647
302 3.3029835
302 3.28535
301 3.310404
301 3.293695
303 3.292758
303 3.279868
303 3.2617846
305 3.2662632
305 3.2493231
306 3.2523358
306 3.2372468
306 3.2195222
309 3.2240949
309 3.2068846
303 3.2917988
303 3.275855
304 3.2785575
304 3.263357
304 3.246432
306 3.2506552
306 3.2341526
305 3.257329
305 3.2416484
307 3.2453735
307 3.2298377
306 3.2532148
306 3.2377868
308 3.2410302
308 3.2259283
309 3.228289
309 3.2144725
311 3.21406
307 3.2403207
307 3.2246177
308 3.2290616
308 3.2137315
308 3.2360694
308 3.2205536
309 3.2241795
309 3.2098413
307 3.2488396
307 3.2345204
308 3.2343583
308 3.2243855
308 3.2098505
309 3.2316103
309 3.2163844
309 3.220333
309 3.2060122
311 3.2098596
311 3.1961987
310 3.2160358
310 3.202847
312 3.203021
312 3.193009
312 3.1787992
310 3.2163985
310 3.2022033
311 3.2060285
311 3.1928375
312 3.196826
312 3.1822188
312 3.199766
312 3.189767
312 3.1765485
313 3.1796503
313 3.1676958
314 3.1686385
314 3.1583292
314 3.145748
316 3.1490111
316 3.1372056
319 3.126118
320 3.121909
320 3.1204622
320 3.1192093
320 3.1055424
319 3.1200292
319 3.1134105
320 3.1159751
320 3.105684
321 3.1089177
321 3.0979772
322 3.100659
322 3.0886765
323 3.0921552
323 3.0807512
321 3.1140692
321 3.101983
320 3.1183662
320 3.109035
320 3.097326
321 3.1007304
321 3.0895834
322 3.0927687
322 3.0816863
319 3.127812
319 3.1167722
320 3.119771
320 3.1086178
318 3.1405354
318 3.129605
319 3.1316407
317 3.1350148
317 3.124002
317 3.1420858
317 3.1305594
316 3.1479826
316 3.1363418
316 3.1527228
316 3.1423867
313 3.1860518
313 3.1753752
314 3.177638
314 3.16702
315 3.1697206
315 3.1595366
316 3.1616564
316 3.1520255
316 3.1412094
317 3.1424627
317 3.1336865
315 3.1623652
315 3.152848
316 3.1551068
316 3.144939
316 3.1352005
316 3.1486957
316 3.1407437
317 3.1431274
317 3.1334784
316 3.1484468
316 3.1385255
316 3.1538181
316 3.1438234
317 3.1469407
317 3.1368334
316 3.1518626
316 3.142623
315 3.1694937
315 3.1602206
313 3.186947
313 3.177602
314 3.1798446
314 3.170345
315 3.1719797
315 3.1633677
315 3.1537354
314 3.168026
314 3.1588554
315 3.161071
315 3.1515615
315 3.1660635
315 3.156708
316 3.159352
316 3.1504054
313 3.1875603
313 3.1784754
313 3.1692939
313 3.1828938
313 3.1740863
314 3.1762593
314 3.1670444
314 3.1694443
314 3.1602294
314 3.1742032
314 3.1653886
315 3.1674416
315 3.1588757
313 3.183559
313 3.174926
313 3.1884809
313 3.179061
313 3.192562
313 3.1841798
313 3.1746385
313 3.1775305
313 3.1683784
313 3.1816876
313 3.1728895
314 3.1751614
314 3.1664987
312 3.201626
312 3.1932518
310 3.216727
310 3.2084634
311 3.209215
311 3.20188
311 3.1929305
311 3.2056437
311 3.197348
312 3.1966925
312 3.1912515
313 3.1923468
313 3.184848
313 3.1761441
311 3.1993601
311 3.191065
311 3.2036183
311 3.1954553
310 3.2183812
310 3.2101896
306 3.2635725
306 3.2551749
306 3.2571948
306 3.2488563
303 3.2920036
303 3.2835515
304 3.2850776
304 3.2767534
304 3.2782226
304 3.2706542
304 3.2620661
305 3.2639904
305 3.2557578
306 3.2574923
306 3.2494152
306 3.2613573
306 3.2534723
305 3.2748492
305 3.26668
305 3.268587
305 3.2607303
306 3.2625144
306 3.2546146
306 3.2651944
305 3.2684202
305 3.2598014
305 3.2615976
305 3.2535753
306 3.2553465
306 3.2478797
307 3.2494688
307 3.241553
307 3.2430573
307 3.2360604
308 3.2374167
308 3.2301888
309 3.2318292
309 3.224434
309 3.2247722
306 3.2558885
306 3.248674
305 3.2687392
305 3.2610729
303 3.2901788
303 3.283446
304 3.2851083
304 3.277262
303 3.2881067
303 3.2809548
303 3.2917118
303 3.2842531
302 3.3038034
302 3.2963521
303 3.2978346
303 3.2907596
303 3.2920692
303 3.2848003
303 3.2774749
304 3.2788067
304 3.2716453
304 3.273337
304 3.265781
305 3.2674196
305 3.259969
305 3.2619612
305 3.2544982
305 3.2652266
305 3.2577891
306 3.2593088
306 3.252547
300 3.324095
300 3.3170543
300 3.3184586
300 3.3113158
301 3.312698
301 3.3057995
300 3.3246465
300 3.317208
299 3.3359768
299 3.3282878
298 3.3472085
298 3.3402421
299 3.3417375
299 3.334499
299 3.3273764
299 3.3283238
300 3.3300006
298 3.3483841
298 3.3415184
298 3.3421447
298 3.3359382
298 3.3456314
298 3.3386886
298 3.3397903
298 3.3329723
298 3.3428965
298 3.336072
299 3.3352091
299 3.3377395
299 3.3385267
299 3.3333333
298 3.3260243
298 3.3439608
298 3.3374233
294 3.385848
294 3.3803048
295 3.381674
295 3.3747334
295 3.3843412
295 3.3776414
294 3.3946412
294 3.3878937
294 3.3890684
294 3.3822775
295 3.3837833
295 3.3766792
295 3.386562
295 3.3792918
295 3.38055
295 3.381937
295 3.382009
295 3.3768322
295 3.3696012
296 3.3708131
296 3.36431
296 3.3733544
296 3.3666878
293 3.406929
293 3.4003284
293 3.4017832
293 3.3949275
294 3.3961244
294 3.3895688
294 3.390745
294 3.3841467
295 3.3852508
295 3.3794138
295 3.3800578
295 3.3738139
293 3.4052732
293 3.3987224
294 3.3999665
294 3.3936565
293 3.4084556
293 3.403491
293 3.3971589
290 3.4430654
290 3.4371998
290 3.4376616
290 3.4316218
291 3.4324005
291 3.4260347
290 3.4419184
290 3.4355845
290 3.4439852
290 3.4379504
290 3.4385815
290 3.4328063
291 3.4334195
291 3.4270701
290 3.4427693
290 3.4365265
290 3.4375546
289 3.445864
289 3.4393997
288 3.4552846
288 3.4488506
289 3.4495475
289 3.4436703
289 3.4448962
289 3.4383295
290 3.4399552
290 3.433421
290 3.434803
290 3.4281795
291 3.4291255
291 3.423
291 3.4311774
291 3.4253378
291 3.4261603
291 3.420253
292 3.4210339
292 3.415012
290 3.4374888
290 3.4310973
291 3.4321656
291 3.4263577
291 3.4271913
291 3.4212213
292 3.4222276
292 3.4162395
291 3.430734
291 3.4256294
291 3.4192405
291 3.4271133
291 3.4215217
291 3.4223275
291 3.4163644
290 3.438003
290 3.4320092
289 3.4535475
289 3.4475946
289 3.4485807
289 3.4427266
290 3.443671
290 3.4378448
288 3.4590154
288 3.4532528
289 3.454173
289 3.4483454
289 3.4559815
289 3.45017
289 3.4510894
289 3.4453979
290 3.446253
290 3.4407487
290 3.4413574
290 3.4361982
290 3.430032
290 3.4312007
290 3.4253354
291 3.4263499
291 3.4206924
291 3.428211
291 3.4227715
291 3.4234695
291 3.4179208
292 3.418915
292 3.4134586
292 3.4141898
292 3.4087367
293 3.409673
293 3.4041562
293 3.4052505
293 3.4
293 3.4006157
293 3.39504
294 3.3965123
293 3.3970222
293 3.4044511
293 3.4054024
293 3.3998852
293 3.4070356
293 3.4017715
292 3.4156344
292 3.4102218
292 3.4111981
292 3.4056156
292 3.4128184
292 3.407509
293 3.408398
293 3.4030905
292 3.4165637
292 3.4112604
291 3.4245934
291 3.419294
292 3.4201133
292 3.415241
292 3.4158094
292 3.4104087
291 3.4239154
291 3.4188776
292 3.4193943
292 3.4141681
292 3.4150274
292 3.4096985
292 3.4170523
290 3.4362998
290 3.430689
290 3.4321659
290 3.4266622
290 3.4334764
290 3.4281545
291 3.4290848
291 3.423869
290 3.4368212
290 3.4316716
290 3.4325702
290 3.4275045
290 3.4341528
290 3.4292648
290 3.4359317
290 3.4308088
290 3.4436166
290 3.4383953
290 3.439232
290 3.434115
290 3.446821
290 3.4419527
290 3.4426365
290 3.437524
290 3.4382937
290 3.4334054
290 3.4285917
291 3.4290285
291 3.4297059
291 3.4307833
291 3.425881
291 3.42658
291 3.421498
291 3.4224014
291 3.4173603
292 3.4181874
292 3.413623
292 3.4203296
292 3.4149446
291 3.4332085
291 3.4283538
291 3.4285648
291 3.4302552
291 3.424874
291 3.4260135
291 3.4208112
291 3.4216986
291 3.4167912
292 3.4176817
292 3.4127553
292 3.4193187
292 3.414443
291 3.4266002
291 3.421883
291 3.4229524
291 3.417693
292 3.4185913
292 3.4136999
292 3.414601
292 3.4097292
293 3.4106145
293 3.405857
291 3.4290445
291 3.4243898
291 3.4305987
291 3.425802
291 3.4266768
291 3.4220703
291 3.4171722
291 3.4235191
291 3.4187088
290 3.4361415
290 3.4313266
291 3.432318
291 3.427427
291 3.4282322
291 3.4235866
290 3.4352589
290 3.4305224
291 3.4316752
291 3.426844
290 3.4382987
290 3.433864
290 3.4344838
290 3.4297497
291 3.4305038
291 3.4263444
291 3.4320614
291 3.4274487
291 3.433666
291 3.429008
291 3.4297388
291 3.4253745
291 3.420618
291 3.421522
291 3.4168017
291 3.4229202
291 3.4183748
291 3.4244385
291 3.4198308
291 3.4261856
291 3.4213696
291 3.4225528
291 3.4177
291 3.4290545
291 3.4244406
290 3.4410257
290 3.4365525
290 3.4372027
290 3.4328907
291 3.433544
291 3.42905
291 3.4351683
291 3.430702
290 3.436498
290 3.431952
291 3.4326727
291 3.4283755
291 3.4289036
291 3.424906
291 3.4201565
291 3.4260201
291 3.4215648
291 3.4279058
291 3.4230886
291 3.42383
291 3.4194176
292 3.42039
292 3.4158182
292 3.416513
292 3.4125857
292 3.4130042
292 3.4085872
292 3.4194992
292 3.415207
292 3.4160876
292 3.411637
292 3.412347
292 3.4081888
293 3.4087296
293 3.404706
293 3.4002125
293 3.4004023
293 3.3967118
293 3.4025042
293 3.3981385
293 3.3993342
293 3.3946776
294 3.395501
294 3.391386
294 3.391941
294 3.3879416
294 3.3934853
294 3.3894603
294 3.3949547
294 3.390787
293 3.4063885
293 3.4021835
293 3.407466
293 3.4087157
293 3.404339
292 3.4149313
292 3.410775
292 3.411447
292 3.4072883
293 3.408063
293 3.4038355
293 3.4045458
293 3.4004493
293 3.4011455
293 3.3969965
293 3.4028137
293 3.398475
294 3.3992689
294 3.3953228
294 3.39584
294 3.3917603
294 3.3925095
294 3.3884273
294 3.3987117
294 3.3946319
294 3.3953576
294 3.3912756
294 3.3921824
293 3.402482
293 3.4030163
293 3.4037766
293 3.4040163
293 3.40039
293 3.396368
294 3.3971
294 3.3930433
294 3.3938098
294 3.3897502
293 3.399915
293 3.3959541
293 3.4060714
293 3.4020488
293 3.4027514
293 3.3988216
293 3.3995264
293 3.395673
294 3.3961895
294 3.3922062
294 3.3929946
294 3.3890088
292 3.4129694
292 3.4090486
292 3.4236076
290 3.4383874
290 3.4342442
290 3.4443328
290 3.4402077
288 3.4636273
288 3.4598725
287 3.4698863
287 3.4657338
287 3.4709451
287 3.4669924
287 3.4767294
287 3.4730814
286 3.4916873
286 3.4877448
286 3.488282
286 3.484273
286 3.4897654
286 3.4855413
286 3.486031
286 3.4824538
286 3.487212
286 3.4832945
286 3.4883878
286 3.4844937
286 3.485217
286 3.4811625
286 3.486408
286 3.482408
287 3.4829113
287 3.479065
287 3.4753833
287 3.4756591
287 3.4717097
286 3.485909
286 3.4818165
286 3.4827201
286 3.4785786
287 3.479174
287 3.4752467
286 3.484707
286 3.480875
286 3.4814653
286 3.47763
286 3.4825804
286 3.4787521
286 3.483706
286 3.4799156
287 3.480457
287 3.476816
287 3.477192
287 3.4734404
287 3.473941
287 3.4703078
287 3.4707348
287 3.4669614
288 3.4675274
288 3.4637957
288 3.464349
288 3.4606438
288 3.465527
288 3.4617987
288 3.4617817
288 3.45859
289 3.4591901
289 3.455649
289 3.4559526
288 3.465353
288 3.4616826
288 3.4621272
288 3.4584239
288 3.4632814
288 3.4595103
288 3.4644456
288 3.4606812
288 3.461287
288 3.457608
288 3.4624062
288 3.4587631
288 3.4592655
288 3.4557805
288 3.4646888
288 3.4610589
288 3.4658813
288 3.462346
288 3.4627385
288 3.4590821
288 3.4681058
288 3.4643931
288 3.4651318
288 3.4613137
287 3.4830616
287 3.4792316
287 3.479938
287 3.476338
287 3.4767547
287 3.4730494
287 3.4738314
287 3.4701657
288 3.470544
287 3.4712827
288 3.4715004
287 3.4765055
287 3.472784
287 3.473287
287 3.4697063
287 3.478527
287 3.4750917
286 3.4919574
286 3.4886599
285 3.50539
285 3.5018127
285 3.502296
285 3.498729
283 3.519769
283 3.5162637
283 3.5288675
283 3.5255768
282 3.5339298
282 3.5303385
283 3.5307884
283 3.5275235
283 3.527717
283 3.5241323
283 3.5245867
283 3.521184
283 3.521512
283 3.518005
284 3.5185635
284 3.5149386
284 3.5154138
284 3.5117996
284 3.5124326
284 3.5089836
284 3.5093362
284 3.5057285
284 3.5025218
284 3.5107405
284 3.507269
284 3.515775
284 3.5121927
284 3.5130022
284 3.5092616
284 3.513874
284 3.5102103
284 3.514701
284 3.511169
283 3.519604
283 3.516074
284 3.5166087
284 3.5130613
283 3.521628
283 3.5180402
284 3.518585
284 3.5151324
283 3.5272675
283 3.5239797
280 3.5675557
280 3.564195
278 3.5841029
278 3.580663
279 3.580975
279 3.5775027
279 3.5778174
279 3.5745087
279 3.578529
279 3.5751977
279 3.5717201
279 3.572192
279 3.568655
279 3.5691009
279 3.5656288
279 3.5699077
279 3.566662
279 3.5708072
279 3.5673609
279 3.5756161
279 3.5720477
279 3.5801454
279 3.5768542
278 3.5885673
278 3.5852613
278 3.585769
278 3.5824442
279 3.582528
279 3.5792542
279 3.5794783
279 3.5760493
279 3.5728447
279 3.5807343
279 3.5773408
278 3.5852652
278 3.5821736
278 3.5899012
278 3.5865123
278 3.5906372
278 3.5873759
278 3.5876849
278 3.5842972
278 3.5922089
278 3.5888505
278 3.5854714
278 3.5821118
278 3.586372
278 3.5828297
279 3.583261
279 3.5799167
279 3.5802562
279 3.5769339
279 3.5736182
279 3.5704148
279 3.5781178
279 3.5748231
279 3.575033
279 3.5718536
279 3.5722516
279 3.5689745
279 3.5693085
279 3.566027
279 3.5701456
279 3.5668693
280 3.5673356
280 3.5639365
280 3.5643127
280 3.561159
280 3.5651543
280 3.5619006
280 3.5622773
280 3.5589933
280 3.5666976
280 3.5637422
280 3.5638807
280 3.5606334
280 3.5609956
280 3.5577438
280 3.5545108
280 3.551284
281 3.5516539
281 3.548435
281 3.545158
281 3.5457773
281 3.5423799
281 3.539438
281 3.536027
282 3.536434
282 3.5331984
282 3.5372458
282 3.5341043
282 3.5381188
282 3.5348804
281 3.5533633
281 3.55013
281 3.5469532
281 3.5437312
281 3.54774
281 3.5445614
281 3.5450075
281 3.5418367
282 3.5422585
282 3.5390708
282 3.5359266
282 3.5327754
282 3.5402517
282 3.5374043
281 3.5517476
281 3.5486186
281 3.5454953
281 3.5423396
282 3.542745
282 3.5396225
Start time: 17/12/2018 01:48:47.643
End time: 17/12/2018 01:53:30.409
Duration: 282766 milliseconds (282.766 seconds)
Average latency: 282 milliseconds
Reads average latency: 14 milliseconds
Writes average latency: 529 milliseconds
Average throughput: 3.536493 operations per second
Number of requests: 1000
Number of reads: 479
Number of writes: 521
Number of timeouts: 0
Percentage of writes: 50%
Number of replicas: 12
