0 3.8610039
0 1.9305019
0 1.2987013
0 0.9823183
0 0.78740156
0 0.65789473
0 0.56465274
890 0.9756098
747 1.3192613
473 1.9928257
473 1.8018017
473 1.658925
437 2.1538463
389 2.5524673
297 3.2017076
297 2.9375765
316 3.0595434
316 2.8773792
338 2.9288702
338 2.7866242
338 2.6651437
320 3.0819435
320 2.958065
335 2.9585798
335 2.8786185
335 2.7459955
348 2.8148148
348 2.7050114
358 2.7563396
346 2.800747
346 2.6843922
360 2.689158
360 2.6666667
360 2.5821595
371 2.6189935
371 2.5521526
385 2.5920727
345 2.831079
352 2.8259993
352 2.7960856
352 2.7311745
360 2.747513
360 2.6981764
360 2.6332517
369 2.652051
369 2.6071088
375 2.6340384
375 2.5794642
375 2.5182776
365 2.7139208
365 2.6626987
359 2.764552
346 2.8653295
336 2.9625242
336 2.9088793
336 2.9671495
336 2.946748
336 2.8967516
328 3.045479
315 3.1329157
315 3.0781322
318 3.0941792
318 3.0456853
305 3.2461455
305 3.1956737
299 3.330709
299 3.283582
302 3.2908268
302 3.2422419
306 3.2549112
306 3.209821
306 3.1598206
293 3.3937273
293 3.3482745
295 3.3564198
295 3.3126512
287 3.4761856
279 3.5382802
279 3.4922564
283 3.4984255
283 3.4535499
279 3.5576785
279 3.5140078
282 3.5231385
276 3.5759656
275 3.6274009
272 3.632351
272 3.5873218
273 3.6384873
273 3.5987206
277 3.601388
277 3.5632033
277 3.5262752
277 3.574316
277 3.5355022
268 3.7052455
268 3.66723
263 3.7915852
263 3.7562099
263 3.7189586
267 3.7195315
267 3.6848295
263 3.7974193
260 3.8059359
262 3.7993922
262 3.7720191
262 3.7370603
266 3.7382486
266 3.7038395
266 3.6699247
268 3.7118454
268 3.6775208
270 3.6802433
270 3.6460524
263 3.7905133
259 3.8273222
261 3.828013
261 3.7955809
261 3.7612922
261 3.7987337
261 3.7662296
263 3.769503
263 3.7371638
258 3.869345
258 3.8382804
257 3.8730159
257 3.8401008
257 3.8082159
260 3.81419
260 3.7825203
262 3.7841794
262 3.7556412
265 3.7572513
265 3.7287834
265 3.762963
265 3.7333174
267 3.7333024
267 3.7100375
267 3.6813345
270 3.683399
270 3.6584327
266 3.745424
266 3.7184074
266 3.7488544
266 3.723008
266 3.6966045
264 3.752345
264 3.728621
264 3.754962
264 3.7330348
263 3.7870765
263 3.7619698
265 3.7572405
263 3.7912233
263 3.765507
264 3.7693274
264 3.74322
266 3.744276
266 3.7231767
268 3.7217436
268 3.7019553
268 3.6771057
269 3.7043397
269 3.6830165
269 3.7071137
269 3.6855924
270 3.687916
270 3.6645727
270 3.644884
271 3.6687753
271 3.6480134
272 3.6509082
272 3.6293027
274 3.6304312
274 3.6099432
276 3.6130617
276 3.5924897
276 3.5716693
278 3.5739813
279 3.5700822
279 3.5573037
279 3.5369067
280 3.5593407
280 3.5432472
280 3.524172
281 3.5477006
281 3.5277517
281 3.552209
281 3.5344663
282 3.5354278
282 3.516778
284 3.518341
284 3.5028083
284 3.4840333
285 3.4856064
285 3.468609
287 3.4712353
287 3.453848
287 3.47578
287 3.4593773
283 3.5210567
282 3.5232177
280 3.5657294
280 3.5481846
281 3.5494187
278 3.5727463
278 3.5548687
275 3.614481
275 3.5980172
276 3.5986977
276 3.581377
276 3.6037736
276 3.5856423
278 3.5875778
278 3.571362
276 3.609774
276 3.5937412
276 3.6130214
276 3.598305
276 3.5805812
278 3.5817657
278 3.5664108
279 3.5682266
279 3.5523028
279 3.5721266
279 3.556389
279 3.5399165
281 3.5437975
281 3.5277064
281 3.546654
281 3.5311224
281 3.551112
281 3.5356915
281 3.5534902
281 3.5404255
281 3.5247068
282 3.52695
282 3.5114248
282 3.530199
282 3.5155532
280 3.5505707
280 3.5364301
282 3.5390947
282 3.5234349
283 3.5254946
283 3.5109391
284 3.5134304
284 3.5000565
285 3.5009394
285 3.486717
285 3.4739375
275 3.617727
275 3.6040592
273 3.6519904
273 3.6385877
274 3.6400561
274 3.6252177
275 3.6265574
275 3.6137881
276 3.6147172
276 3.601367
276 3.587348
276 3.6040692
276 3.5898213
277 3.591423
277 3.5779252
278 3.5795057
278 3.5660462
278 3.5832698
278 3.569947
278 3.5561984
280 3.5573587
280 3.5446448
281 3.547031
281 3.5334146
281 3.5500557
281 3.5379062
282 3.5389063
282 3.5269322
282 3.5408337
282 3.5296462
283 3.529712
282 3.5276854
282 3.5204327
282 3.536743
282 3.5237856
280 3.554106
280 3.5407324
279 3.5697978
279 3.5587678
280 3.559697
280 3.5469246
281 3.5490518
280 3.5501993
281 3.549943
279 3.567664
279 3.554933
280 3.556522
280 3.54406
281 3.5461938
281 3.5339446
282 3.5354402
282 3.5242872
283 3.5253882
283 3.5138326
281 3.5545797
281 3.543512
282 3.5442576
282 3.533889
282 3.5220354
282 3.5237076
282 3.51201
283 3.513389
283 3.502694
284 3.5038273
284 3.4929192
284 3.506957
284 3.4965034
284 3.5101795
284 3.4989939
284 3.5130117
283 3.515528
283 3.5036893
284 3.5058265
285 3.5053625
285 3.4970183
285 3.485343
286 3.4872944
286 3.4766963
285 3.502733
285 3.491983
285 3.493639
285 3.4827306
286 3.4845707
286 3.4745026
287 3.4756525
287 3.4657931
287 3.455335
288 3.453682
288 3.446329
289 3.4477096
289 3.4385965
289 3.4510498
289 3.4411004
289 3.4542313
289 3.4443302
290 3.445812
290 3.4363077
290 3.4378438
290 3.4285324
290 3.4184916
291 3.4196775
291 3.409876
292 3.4119282
292 3.4024718
293 3.4037297
293 3.3942735
293 3.4070218
293 3.3977988
291 3.4222603
291 3.4119864
292 3.4136858
292 3.4041333
291 3.4281945
291 3.418429
292 3.420055
292 3.4107752
293 3.412339
293 3.4030564
293 3.3938975
291 3.4277213
291 3.4193916
290 3.43101
290 3.4216912
290 3.434227
290 3.4252403
289 3.4478369
289 3.4387167
290 3.4401975
290 3.4311817
290 3.443172
290 3.4342313
289 3.4560888
289 3.4475217
283 3.5212364
283 3.5124438
284 3.5138123
284 3.5050464
284 3.496036
285 3.4974718
285 3.4876704
282 3.53018
282 3.5212343
282 3.53217
282 3.524122
282 3.5346754
282 3.5256312
282 3.537653
282 3.5285037
282 3.5292234
282 3.520916
283 3.521652
283 3.5128806
283 3.5244732
283 3.5152507
284 3.5170336
284 3.5084617
284 3.5000687
284 3.5106933
284 3.501585
283 3.5231829
283 3.5139832
282 3.5347664
282 3.5258205
282 3.5274386
282 3.518622
283 3.519911
283 3.5119617
283 3.521967
283 3.5140178
284 3.5147047
284 3.5067434
284 3.5173645
284 3.5090368
284 3.5102248
284 3.5020185
285 3.5028894
285 3.4946084
285 3.4961448
285 3.4881124
285 3.4784384
286 3.4811914
286 3.4727032
286 3.4834535
286 3.4755104
287 3.4762988
287 3.4691393
287 3.4696224
287 3.4620676
285 3.4997137
285 3.491462
286 3.4925807
286 3.484698
285 3.503968
285 3.4960322
285 3.4972248
285 3.4896204
284 3.508365
284 3.5003963
284 3.493054
285 3.4941158
285 3.4861088
284 3.5049307
284 3.4970887
285 3.4988704
285 3.490983
284 3.5092325
284 3.5016024
284 3.5113094
284 3.504043
285 3.5047538
285 3.4974115
284 3.5161076
284 3.5086207
284 3.5175836
284 3.5107598
284 3.520041
284 3.5122201
284 3.5132298
284 3.506174
285 3.5068355
284 3.5082664
284 3.5003467
285 3.5020802
285 3.4944425
280 3.5624566
280 3.5549893
280 3.556158
280 3.5485272
280 3.5578294
280 3.5503452
280 3.5594864
280 3.5527656
280 3.5616596
280 3.554258
280 3.5638154
280 3.5557964
281 3.5573187
281 3.5498118
280 3.558632
280 3.5595305
280 3.552268
280 3.5531762
280 3.5460134
281 3.5469017
281 3.5396373
281 3.5412474
281 3.5335405
282 3.5347867
282 3.5274358
282 3.536333
282 3.529543
282 3.5305061
282 3.5232782
282 3.5399492
282 3.5336246
280 3.5655406
280 3.5585227
279 3.5753293
279 3.5682917
280 3.5691643
280 3.5619433
280 3.5622694
280 3.555784
280 3.5494595
281 3.550002
281 3.5434928
279 3.5670166
279 3.5601723
279 3.5686817
279 3.5619152
280 3.5628633
280 3.5564597
279 3.5720282
279 3.5650897
280 3.566269
280 3.5595832
278 3.5828447
278 3.5759647
279 3.5770347
279 3.5703256
279 3.5703008
279 3.564728
279 3.5575461
280 3.558293
280 3.5520267
278 3.582601
278 3.5756764
278 3.5912771
278 3.5848668
277 3.6004996
277 3.593486
276 3.6093638
276 3.6024642
276 3.610479
276 3.6038146
277 3.6048553
277 3.5980413
277 3.6060057
277 3.599686
277 3.6000204
277 3.5939684
277 3.5872104
275 3.6240516
275 3.6174443
275 3.6184707
275 3.6116118
275 3.6197083
275 3.613518
276 3.6143634
276 3.6073287
276 3.6080017
276 3.6017988
276 3.6096475
276 3.610006
276 3.6091392
276 3.6046586
276 3.5983129
277 3.5989935
277 3.5927305
277 3.5861123
277 3.5801942
279 3.580627
279 3.5746639
279 3.5681496
279 3.5687754
279 3.562789
276 3.6119568
276 3.6056945
276 3.613544
276 3.6071014
276 3.6077514
276 3.6016383
276 3.6092677
276 3.603394
275 3.624499
275 3.6182015
276 3.6186044
276 3.6124616
276 3.6131182
276 3.6070054
276 3.6140347
276 3.608769
276 3.60216
277 3.6031678
277 3.5967844
277 3.5977728
277 3.591517
278 3.5921745
278 3.5861883
278 3.5869246
278 3.5812051
278 3.581828
278 3.5756617
279 3.5764575
279 3.5706506
279 3.5651212
280 3.564617
280 3.5594666
280 3.560142
280 3.554665
279 3.568161
279 3.5622945
280 3.5633323
280 3.5572145
280 3.5582569
280 3.5522137
281 3.5530071
281 3.5471532
281 3.5481584
281 3.5421484
281 3.5498161
281 3.5438454
282 3.5448263
282 3.5389056
282 3.533411
281 3.5534744
281 3.547206
280 3.5548718
280 3.5488007
281 3.5494483
281 3.5439897
281 3.5512753
281 3.5455399
281 3.5460324
281 3.5403686
282 3.5415568
282 3.5358062
282 3.54277
282 3.5372348
282 3.5380228
282 3.53227
282 3.5391734
282 3.533964
282 3.5344014
282 3.5291498
282 3.5236955
283 3.5246694
283 3.519087
283 3.5194802
283 3.5145712
284 3.5150354
284 3.5099325
284 3.510553
284 3.505108
282 3.536413
282 3.530708
281 3.555993
281 3.5505974
281 3.5510204
281 3.545906
281 3.5463135
281 3.5414782
282 3.541678
282 3.5367997
282 3.5312557
282 3.5322552
282 3.5264814
283 3.5273578
283 3.522367
283 3.522827
283 3.517648
283 3.5240774
283 3.5190997
283 3.5254872
283 3.5204601
281 3.5448005
281 3.5395725
281 3.5461411
281 3.5409682
281 3.553222
281 3.5480125
280 3.5605528
280 3.5551813
281 3.555789
281 3.5506063
281 3.557103
281 3.5519538
280 3.558347
280 3.5592554
280 3.5597076
280 3.5602407
280 3.5553916
280 3.561549
280 3.5564456
279 3.5742402
279 3.569297
279 3.5702415
279 3.5647461
279 3.576734
279 3.571673
279 3.577899
279 3.5730135
279 3.5793421
279 3.5739813
279 3.5807161
279 3.57553
279 3.5758066
279 3.5712473
279 3.577082
279 3.5720515
278 3.583887
278 3.578841
279 3.5794308
279 3.574465
279 3.5694137
278 3.5812104
278 3.5761435
279 3.5771706
279 3.5720437
279 3.5723994
279 3.567709
279 3.5736413
279 3.5686269
279 3.569419
279 3.5645027
280 3.565082
280 3.5604198
279 3.5772681
279 3.5723875
279 3.5729136
279 3.568306
280 3.568447
280 3.5637999
280 3.5643737
280 3.559744
279 3.570944
279 3.571777
279 3.572202
279 3.5725288
279 3.5679007
279 3.5687716
279 3.5636039
279 3.5695086
279 3.564737
280 3.5653205
280 3.560567
280 3.5612879
280 3.5563815
280 3.556916
280 3.5523696
281 3.5529268
281 3.548473
281 3.5486574
281 3.5441267
280 3.5608275
280 3.5558796
280 3.5672257
280 3.5625634
280 3.5680642
280 3.5633948
280 3.5586815
280 3.5644457
280 3.560228
280 3.5656588
280 3.56093
280 3.5671635
280 3.5621288
279 3.5678992
279 3.5632846
280 3.5638695
280 3.5591984
280 3.5651824
280 3.560374
280 3.5608678
280 3.556536
281 3.5569417
281 3.5523703
280 3.5580611
280 3.5534816
279 3.574483
279 3.5700767
280 3.5704799
279 3.5763664
279 3.571556
278 3.5826788
278 3.5779448
278 3.5835745
278 3.5788512
278 3.5742674
278 3.5700018
278 3.5652604
278 3.5610344
280 3.5613182
280 3.5570717
281 3.5575922
281 3.5533607
280 3.5634453
280 3.5594313
280 3.559555
280 3.5604072
280 3.555755
280 3.5559008
280 3.5522566
281 3.5524597
281 3.54807
281 3.5485423
281 3.544344
280 3.5597217
280 3.5555732
278 3.5853608
278 3.5808752
278 3.5867512
278 3.5819576
278 3.587413
278 3.5831227
278 3.583668
278 3.5791469
278 3.5943115
278 3.5898762
278 3.590603
278 3.5860083
278 3.5866683
278 3.5825243
279 3.582648
278 3.5882213
278 3.5837095
278 3.5838833
278 3.579837
279 3.580533
279 3.5762074
278 3.581593
278 3.577053
279 3.5776973
279 3.5736184
279 3.5740087
279 3.5695684
279 3.5700138
279 3.5659971
278 3.5854068
278 3.581076
278 3.5864768
278 3.5824609
279 3.582548
279 3.5785797
279 3.5740626
279 3.5749874
279 3.5704012
279 3.5710416
279 3.5669246
279 3.5718648
279 3.5680919
279 3.5728855
279 3.5691035
279 3.5692735
279 3.5651207
278 3.5842462
278 3.580286
278 3.585381
278 3.581062
278 3.5862274
278 3.582034
279 3.5825183
279 3.5785215
279 3.5787604
277 3.5981026
277 3.5938365
276 3.6125703
276 3.6084633
276 3.618108
276 3.6139543
276 3.6189506
276 3.6147559
276 3.6199718
276 3.615653
276 3.6162734
276 3.6119359
276 3.617279
276 3.612983
276 3.618149
276 3.6139438
276 3.6141517
276 3.6102228
276 3.610664
276 3.6110873
276 3.6115263
276 3.6121924
276 3.6076694
276 3.6082082
276 3.6043162
277 3.6047442
277 3.6007679
277 3.6011825
277 3.5970097
277 3.5974758
277 3.593413
278 3.5940747
278 3.5900087
278 3.5949779
278 3.590808
277 3.6000602
277 3.5964205
277 3.596676
277 3.5929363
278 3.5930524
278 3.589103
278 3.5938706
278 3.5902607
278 3.586201
278 3.5864506
278 3.5827188
278 3.587389
278 3.5836642
278 3.5883386
278 3.584386
278 3.584824
278 3.5811183
278 3.5859318
278 3.5811882
278 3.591195
278 3.5870311
278 3.5921597
278 3.5881436
278 3.5927625
278 3.5888324
278 3.5895243
278 3.585714
278 3.5904553
278 3.5866368
278 3.586773
278 3.5831823
278 3.5793378
279 3.579896
279 3.5757568
279 3.5761495
279 3.5725121
279 3.5770996
279 3.5732255
279 3.573893
279 3.5699089
278 3.5831172
278 3.579329
278 3.5839863
278 3.5803113
278 3.5850487
278 3.5810924
279 3.58155
279 3.5777872
279 3.578202
279 3.5744357
279 3.579089
279 3.5753598
278 3.5841541
278 3.5804124
278 3.584995
278 3.581605
279 3.581668
278 3.582194
278 3.5783846
279 3.5791516
279 3.5751595
279 3.575616
279 3.5719032
279 3.5805712
279 3.577202
279 3.577373
279 3.5736444
279 3.5740552
279 3.5705147
279 3.5751104
279 3.571267
279 3.5718696
279 3.5681987
279 3.5726166
279 3.5688941
279 3.5736241
279 3.5698495
279 3.5743496
279 3.570728
279 3.575233
279 3.5716615
279 3.5717196
279 3.5685222
279 3.5647798
279 3.569282
279 3.5656047
278 3.5905335
278 3.5867395
278 3.5872734
278 3.5836647
278 3.5842729
278 3.5803564
278 3.584807
278 3.5811718
279 3.5817223
279 3.5783134
279 3.5784636
279 3.5748782
279 3.579336
279 3.5757425
279 3.5801191
279 3.5766606
279 3.5730379
279 3.5736768
279 3.569979
279 3.570392
279 3.5670166
279 3.5712726
279 3.5677195
279 3.5721076
279 3.5685604
279 3.5730097
279 3.5693414
279 3.5815575
279 3.57817
279 3.5786133
279 3.574954
279 3.5753436
279 3.5718913
279 3.5762322
279 3.5728
278 3.585015
278 3.5813706
279 3.5817235
279 3.5783832
279 3.582511
278 3.583224
278 3.579627
278 3.5837557
278 3.5804713
279 3.5807393
279 3.5772004
279 3.5777483
279 3.5744402
279 3.574838
279 3.5714564
279 3.5715938
279 3.5682359
279 3.572556
279 3.5689425
279 3.5771646
279 3.5738688
279 3.5741954
279 3.570758
279 3.5708818
279 3.567632
279 3.5716608
279 3.568539
279 3.565178
280 3.5654697
280 3.5621727
280 3.5626292
280 3.5591922
280 3.5596642
280 3.556169
280 3.5603497
280 3.5569685
280 3.564921
280 3.561716
280 3.5619955
280 3.5586114
280 3.5591748
280 3.5558667
280 3.5598829
280 3.5565271
280 3.5608153
280 3.5575316
280 3.5651958
280 3.5621145
280 3.5661151
279 3.5739226
279 3.5706556
279 3.5711358
279 3.567784
280 3.5683453
280 3.5649102
279 3.5690677
279 3.5656245
280 3.5660007
280 3.562686
280 3.563196
280 3.5599422
280 3.5602434
280 3.5568936
280 3.55763
280 3.5540266
281 3.5547116
281 3.5512877
280 3.5592287
280 3.5557284
280 3.5524304
281 3.5529444
281 3.5498366
281 3.5501184
281 3.5468895
281 3.5508616
281 3.547573
281 3.5516927
281 3.5485127
281 3.5526757
281 3.5530949
281 3.553513
281 3.5503044
281 3.5504675
281 3.554597
281 3.5513701
280 3.5627563
280 3.5594127
280 3.5598483
280 3.556513
280 3.564087
280 3.561164
280 3.5612895
280 3.5581055
280 3.5620635
280 3.5589612
280 3.5630772
280 3.559763
280 3.5567214
280 3.55347
281 3.5537035
281 3.5506504
281 3.5510883
281 3.5478153
281 3.551697
281 3.5488832
281 3.5454323
281 3.5459485
281 3.5428452
Start time: 17/12/2018 02:22:47.723
End time: 17/12/2018 02:27:30.026
Duration: 282303 milliseconds (282.303 seconds)
Average latency: 282 milliseconds
Reads average latency: 21 milliseconds
Writes average latency: 526 milliseconds
Average throughput: 3.542293 operations per second
Number of requests: 1000
Number of reads: 484
Number of writes: 516
Number of timeouts: 0
Percentage of writes: 50%
Number of replicas: 12
