0 3.773585
0 1.9841269
0 1.312336
0 0.98619324
0 0.7936508
0 0.6574622
0 0.5678592
0 0.49726507
0 0.44444445
0 0.3984064
0 0.35868004
1446 0.66600066
1010 0.9230769
702 1.4236902
590 1.59109
590 1.4644861
588 1.6470588
588 1.5507311
594 1.6694491
439 2.1934197
439 2.089269
418 2.3589184
418 2.2589052
427 2.3329446
381 2.5256512
381 2.4364245
390 2.5181456
390 2.4271843
399 2.4766097
399 2.40032
399 2.2973835
367 2.6888292
367 2.6660204
367 2.5845864
378 2.6225767
366 2.6628206
366 2.5887175
371 2.631025
371 2.561213
379 2.5585515
379 2.5331254
379 2.4705434
380 2.5971615
380 2.5396826
370 2.6518166
370 2.6052973
376 2.633591
376 2.5801082
376 2.5277233
385 2.5495977
385 2.5066583
380 2.6151834
380 2.5656505
384 2.5900986
384 2.5450845
390 2.5429118
390 2.5236592
390 2.4827585
397 2.502198
397 2.4661734
397 2.4213076
402 2.4511385
402 2.4110146
405 2.4368908
405 2.3997045
409 2.422334
409 2.3863502
404 2.4702976
404 2.4345002
406 2.455319
406 2.421853
406 2.3821394
403 2.4657533
403 2.430593
403 2.451895
403 2.419143
385 2.5926886
385 2.5638394
385 2.5290844
348 2.8484335
348 2.8148148
350 2.8278887
350 2.7931616
353 2.809256
353 2.775948
352 2.8366816
352 2.8045976
352 2.7710898
351 2.8298073
351 2.79801
355 2.8094819
355 2.780916
355 2.7509134
358 2.765722
358 2.7362661
360 2.7498856
360 2.7205276
364 2.7302363
364 2.7059774
364 2.677965
350 2.84889
350 2.8223119
352 2.833301
352 2.8073683
352 2.775771
355 2.787719
355 2.766355
358 2.7752082
358 2.7518897
358 2.7240038
354 2.8108108
354 2.783726
347 2.866242
347 2.8396144
341 2.9200125
341 2.8962522
343 2.9044936
343 2.8808677
343 2.8568547
343 2.898937
343 2.8741329
326 3.047182
326 3.0221298
328 3.0319645
328 3.006557
321 3.1099265
321 3.0856423
321 3.0580084
323 3.0698626
323 3.0442803
319 3.113078
319 3.0905342
318 3.1268792
318 3.1031806
318 3.1396244
318 3.1167305
320 3.1197155
320 3.1012695
320 3.0782511
322 3.0845685
322 3.062787
324 3.0694714
324 3.0486097
310 3.2211485
307 3.2274973
307 3.2027595
309 3.2107098
309 3.1881552
311 3.1935163
311 3.1720645
313 3.1783028
313 3.1577287
315 3.1562197
314 3.1680086
314 3.1473312
313 3.1785905
313 3.15827
313 3.1883397
313 3.169652
312 3.1962442
312 3.1801243
312 3.1587
314 3.165489
314 3.1463416
314 3.1739879
314 3.1563985
313 3.1844084
311 3.1902485
311 3.170622
311 3.1984947
311 3.1802452
310 3.2081833
310 3.190014
312 3.1939337
312 3.1756911
313 3.1804447
313 3.1638417
313 3.144301
315 3.1505563
315 3.1326373
315 3.1524184
315 3.1421666
315 3.165455
315 3.1518998
315 3.1341865
317 3.1390424
317 3.122193
319 3.1267283
319 3.1111112
320 3.114478
320 3.0980492
322 3.1012595
316 3.1499326
316 3.133827
317 3.1376247
317 3.1216207
317 3.1463776
317 3.1306174
316 3.154891
316 3.1393723
317 3.1426525
317 3.1285892
318 3.1329432
317 3.1364553
318 3.139136
314 3.1648643
314 3.149089
315 3.1529973
315 3.1386359
317 3.1423185
317 3.1265397
318 3.1313665
318 3.1165516
316 3.158111
314 3.162732
315 3.1652012
315 3.1520157
316 3.1538222
316 3.1415524
316 3.1261358
318 3.130032
318 3.1162188
314 3.1745462
314 3.1603756
315 3.1627016
315 3.1501637
315 3.1364534
317 3.1396348
317 3.1265829
314 3.1816127
314 3.1687214
315 3.171812
315 3.1586356
316 3.1599624
316 3.1488826
316 3.135487
317 3.1387107
317 3.1255252
318 3.1285553
318 3.1161473
318 3.1357324
318 3.1232443
316 3.1598697
316 3.147025
316 3.1497347
316 3.1381605
316 3.1566167
316 3.1451614
317 3.147583
316 3.1513445
316 3.138692
315 3.1575274
315 3.1455984
315 3.1634612
315 3.1523478
316 3.1557076
316 3.14392
317 3.14675
314 3.1658766
315 3.1683536
315 3.1568947
315 3.1441262
316 3.1478102
316 3.1353183
317 3.138912
317 3.1275845
318 3.1303358
318 3.119403
319 3.1219802
319 3.1108809
319 3.0994482
318 3.1317081
318 3.1203303
313 3.1817386
313 3.170863
311 3.2022488
311 3.1912897
311 3.208587
311 3.1966283
311 3.212221
309 3.2164867
309 3.2052646
310 3.2026412
311 3.2101371
303 3.2840724
303 3.2720408
304 3.2748048
304 3.2629826
304 3.2792327
304 3.2687402
305 3.2714326
305 3.259738
306 3.2620862
306 3.251568
306 3.2402384
307 3.242805
307 3.2317138
307 3.247799
307 3.2368953
308 3.2395248
308 3.2288067
309 3.2308464
309 3.221122
306 3.2626855
306 3.252459
307 3.253626
307 3.2433698
307 3.2337663
307 3.2350316
307 3.2248077
308 3.2278805
308 3.2168763
309 3.220406
309 3.2101092
310 3.212209
310 3.2019641
311 3.2046025
311 3.194366
311 3.2098303
311 3.19992
312 3.201814
311 3.2040534
311 3.194097
311 3.1971755
312 3.197442
312 3.190184
312 3.1795335
312 3.1945765
312 3.184907
312 3.1994183
312 3.1902552
312 3.1926174
312 3.1826098
311 3.2093503
308 3.2356665
307 3.249033
304 3.275848
304 3.2661562
304 3.2796943
304 3.2700112
305 3.2725737
305 3.2626998
304 3.2765477
304 3.267062
305 3.269148
305 3.259324
305 3.2733223
303 3.2868652
303 3.2774487
304 3.2798877
304 3.2700963
304 3.2727273
304 3.2629755
305 3.2650201
305 3.2559712
305 3.2688916
305 3.2599928
304 3.2845125
304 3.2756202
303 3.288487
303 3.279415
303 3.2921267
303 3.2829144
304 3.2853532
304 3.2763174
303 3.2889705
302 3.2914455
302 3.2820022
301 3.3062332
301 3.2965846
298 3.3414173
298 3.3329391
295 3.3778713
295 3.3685515
296 3.3701992
296 3.36113
296 3.3739338
296 3.3646164
296 3.3662927
296 3.3574705
295 3.3801515
295 3.3713746
295 3.382964
295 3.3745782
296 3.3761673
296 3.3673522
296 3.368743
292 3.4122305
292 3.403459
292 3.404744
292 3.3959677
293 3.3974738
293 3.388899
294 3.3904154
294 3.3819358
294 3.393254
294 3.384572
293 3.407001
293 3.3981214
292 3.4199317
292 3.411131
292 3.4125617
292 3.4036894
293 3.405637
293 3.3967257
294 3.3984122
294 3.390497
294 3.3820212
294 3.3834991
294 3.3751159
295 3.3768003
295 3.3681145
296 3.37046
296 3.3615718
295 3.3829696
295 3.3745134
295 3.376013
295 3.3683567
296 3.3695745
296 3.3616166
296 3.3721845
296 3.3645144
296 3.3660164
296 3.3580787
297 3.3596206
297 3.3517663
298 3.3533158
298 3.3450754
298 3.3469448
298 3.339566
298 3.3315082
298 3.3419425
298 3.3344724
298 3.3451598
298 3.3375628
298 3.3390207
298 3.3314724
298 3.3420994
298 3.3344872
299 3.3361819
299 3.3286474
298 3.3481133
298 3.3405561
298 3.3417704
298 3.3345315
299 3.3359041
299 3.3285313
299 3.3214285
300 3.322555
300 3.3150842
300 3.3170438
300 3.3091195
300 3.319502
300 3.3123958
301 3.313907
301 3.3065825
299 3.3347921
299 3.327046
299 3.3376615
299 3.3297977
297 3.3578885
297 3.3498952
298 3.351936
298 3.3447988
298 3.3458624
298 3.3387406
299 3.3404424
299 3.3333333
299 3.3426564
298 3.344567
298 3.3371263
298 3.3473442
298 3.3400133
298 3.3414056
298 3.3344
298 3.3445377
298 3.3370786
299 3.3388562
299 3.3315241
298 3.3415833
298 3.334442
298 3.3437047
298 3.3371148
299 3.3384843
299 3.3315742
299 3.3330314
299 3.3261063
300 3.327487
300 3.3207645
300 3.314042
300 3.3154392
300 3.3081093
300 3.3184583
300 3.3113387
301 3.3131313
301 3.3060517
298 3.3477652
298 3.3410702
298 3.350406
298 3.3437324
294 3.3926446
294 3.3864002
292 3.419456
292 3.412265
292 3.4138074
292 3.4068184
293 3.408042
293 3.4010124
293 3.4027238
293 3.3957322
294 3.3969676
294 3.3903337
294 3.390967
294 3.3923624
294 3.3860395
294 3.3949542
294 3.3884406
294 3.3896997
294 3.382908
295 3.3840687
295 3.3777556
295 3.3789477
295 3.3725913
296 3.3733764
296 3.3675678
295 3.376118
295 3.3697886
296 3.3708034
296 3.3648138
296 3.3657074
296 3.3593953
297 3.3595383
297 3.3545713
297 3.348064
294 3.3865867
294 3.3803449
295 3.3814733
295 3.3749378
293 3.3985844
293 3.3922405
292 3.4156442
292 3.4089901
291 3.432528
291 3.4260926
290 3.4419239
290 3.4352934
288 3.4658751
288 3.4596016
287 3.4748528
287 3.4687629
287 3.4624429
286 3.4855072
286 3.478953
286 3.4869616
286 3.481031
286 3.488958
286 3.4823442
286 3.4834964
286 3.4772654
286 3.4857395
286 3.4792776
285 3.501231
285 3.4954848
285 3.4961565
285 3.4899194
284 3.5170486
283 3.5270383
283 3.5208294
283 3.5216465
283 3.515518
283 3.5233219
283 3.5172367
284 3.5175388
284 3.5121706
284 3.505599
284 3.5066032
284 3.500624
284 3.5081408
284 3.5023246
285 3.5031824
285 3.4971776
285 3.497753
285 3.4919457
284 3.5065129
284 3.5005436
284 3.5152624
284 3.508987
283 3.5305161
283 3.524235
283 3.5252085
283 3.5192442
283 3.525955
283 3.5210552
283 3.5148675
284 3.5157301
284 3.5097609
282 3.5374515
282 3.5313
282 3.532059
282 3.5264318
282 3.5334983
282 3.5281456
283 3.528741
283 3.522922
282 3.5366056
282 3.53126
282 3.5253031
282 3.5316865
282 3.5268388
282 3.5407052
282 3.5349798
282 3.5356934
282 3.529857
281 3.5436277
281 3.5381422
282 3.5385933
282 3.533088
282 3.533912
282 3.527975
282 3.535233
282 3.529495
282 3.536682
282 3.5309825
282 3.5445535
282 3.5388827
282 3.53314
282 3.5341551
282 3.528595
281 3.5418825
281 3.5361712
281 3.5499208
281 3.5437207
281 3.544934
281 3.5518265
281 3.5522861
281 3.5468798
281 3.5475686
279 3.579668
279 3.5803034
279 3.5747097
279 3.5754175
279 3.5698712
279 3.5702512
279 3.564996
280 3.5654492
280 3.5603275
280 3.554605
280 3.5555117
280 3.549749
280 3.5629892
280 3.5573196
280 3.5579548
280 3.55255
281 3.553191
281 3.5480483
281 3.548694
281 3.5430984
281 3.5498931
281 3.5445068
281 3.5512137
281 3.5458848
281 3.5525482
280 3.5593202
280 3.5540457
280 3.554823
280 3.5492725
281 3.5499907
281 3.5446556
281 3.5452726
281 3.5400238
280 3.5645308
280 3.5592697
279 3.571832
279 3.566554
280 3.5669422
280 3.5620668
279 3.5743194
279 3.5690477
278 3.5932448
278 3.5882354
277 3.6000588
277 3.5952237
277 3.5956688
277 3.5903072
277 3.5969543
277 3.5918367
277 3.597834
277 3.5928352
278 3.593176
277 3.594203
278 3.5942492
277 3.6011145
277 3.5957522
277 3.5960858
277 3.591036
278 3.5919127
278 3.5864918
278 3.593144
278 3.5875928
276 3.6112223
276 3.6057625
277 3.606817
277 3.6014407
276 3.6134105
276 3.608224
273 3.6541219
273 3.6490362
273 3.6494286
273 3.6443436
274 3.6447625
274 3.6398413
274 3.6457193
274 3.6409538
274 3.640824
274 3.6418767
274 3.636648
274 3.6371953
274 3.6318264
274 3.6325607
274 3.627677
275 3.628294
275 3.622867
275 3.6232886
275 3.6187446
276 3.6190507
276 3.6140661
276 3.614577
276 3.6096323
276 3.6156542
276 3.6107216
276 3.6166663
276 3.6117852
276 3.612295
276 3.6075902
276 3.61333
276 3.6084208
276 3.6197867
275 3.6203213
276 3.6206784
276 3.616138
276 3.6111217
276 3.6116652
276 3.6065133
276 3.6182795
276 3.6130347
273 3.651083
273 3.6460984
274 3.6470392
274 3.6419952
273 3.647747
273 3.6428902
274 3.6435394
274 3.6385465
274 3.633721
274 3.6341674
275 3.6346707
275 3.6298313
275 3.6303196
275 3.6257854
275 3.6258197
275 3.6214554
275 3.616532
276 3.6170535
276 3.6123574
276 3.612883
276 3.607903
276 3.6086586
276 3.6039603
277 3.604494
277 3.5996075
277 3.6055384
277 3.600831
277 3.6013846
277 3.5965273
277 3.6021345
277 3.5977342
276 3.6136205
276 3.6089761
276 3.6095707
276 3.604925
277 3.6054492
276 3.6056585
276 3.6014957
276 3.6167564
276 3.612481
274 3.638436
274 3.6338317
273 3.6495423
273 3.644917
273 3.640248
273 3.6357203
273 3.6308916
273 3.6264596
275 3.6271675
275 3.6224775
275 3.6277397
275 3.6235886
275 3.6236424
275 3.6194882
275 3.6148012
275 3.6252873
275 3.6205504
275 3.6311653
275 3.6266673
275 3.6321177
275 3.6275394
274 3.6379316
274 3.6334295
274 3.6338644
274 3.6294324
275 3.6299253
275 3.6251872
275 3.6308355
275 3.6261616
275 3.631652
275 3.627202
274 3.637503
274 3.6329498
274 3.6386015
274 3.6339338
275 3.6343265
275 3.6301525
275 3.6303904
275 3.6260026
275 3.6216426
275 3.62675
275 3.6224523
275 3.6231358
275 3.6186085
276 3.619068
276 3.6146955
276 3.6152282
276 3.6106458
276 3.6162376
276 3.6117337
276 3.61225
276 3.6078482
276 3.6085575
276 3.604119
277 3.604333
277 3.6004584
277 3.6007106
277 3.6012354
277 3.5969176
277 3.6022816
277 3.5980575
276 3.6172855
276 3.6130033
276 3.6134248
276 3.6093268
276 3.6143332
276 3.6101422
276 3.6152544
276 3.6110551
276 3.6114426
276 3.6074092
276 3.6123998
276 3.6081223
276 3.6181269
276 3.6137686
276 3.6140828
276 3.609857
276 3.6104095
276 3.615523
276 3.611377
275 3.630066
275 3.6261134
275 3.6265612
275 3.622138
275 3.632117
275 3.627764
275 3.632944
275 3.6288328
275 3.6290915
275 3.6249607
275 3.6253886
275 3.6212053
275 3.6216369
275 3.6175168
276 3.6179514
276 3.6138122
276 3.6190147
275 3.6237957
275 3.6242046
275 3.6246293
275 3.6204243
275 3.6211786
275 3.6168728
276 3.6173687
276 3.613272
276 3.618195
276 3.6141067
276 3.619261
276 3.614873
276 3.6198528
276 3.6160228
276 3.6162899
276 3.612424
275 3.6260095
275 3.6221416
275 3.6225932
275 3.6184006
275 3.623413
275 3.6192927
276 3.6197295
276 3.6155746
276 3.620137
275 3.6210816
275 3.6169865
276 3.6173756
276 3.613437
276 3.6138606
276 3.6099343
276 3.6101873
276 3.606384
276 3.6111646
276 3.6071637
277 3.607796
277 3.603933
276 3.6129022
276 3.608901
276 3.6136632
276 3.6097953
276 3.6188753
276 3.6149318
276 3.6152697
276 3.6115882
276 3.6118197
276 3.608134
276 3.6041462
276 3.6087744
276 3.6050727
277 3.6054342
277 3.6013277
277 3.6063862
277 3.6024103
277 3.6026807
277 3.5989475
277 3.5993285
277 3.5957446
276 3.6086047
276 3.6049578
277 3.6051626
277 3.6014812
277 3.6061966
277 3.6022172
277 3.6069367
277 3.6032994
276 3.6164536
276 3.6122968
276 3.6128871
276 3.6088495
276 3.6096385
276 3.6057036
276 3.6101084
276 3.6065285
276 3.6026247
277 3.6031146
277 3.599403
277 3.599805
277 3.5961192
277 3.5963895
277 3.5926402
276 3.613748
276 3.6101832
276 3.6105566
276 3.6069427
277 3.6073933
277 3.6035218
277 3.6080837
277 3.604368
276 3.60889
276 3.6051812
276 3.6137254
276 3.6102118
276 3.610493
276 3.6067386
277 3.607303
277 3.6036036
277 3.6038904
277 3.600349
277 3.5963898
277 3.5966685
277 3.59335
278 3.5936897
278 3.590249
278 3.5905187
278 3.5868847
277 3.5953474
277 3.5917306
278 3.592331
278 3.5885506
278 3.5930073
278 3.589205
277 3.597773
277 3.5942044
278 3.5945535
278 3.5911968
278 3.5952501
278 3.591928
278 3.588383
278 3.5884643
278 3.585044
277 3.6053765
277 3.6018038
277 3.602185
277 3.5986226
277 3.599035
277 3.595454
277 3.5958402
277 3.59244
278 3.5927575
278 3.5890694
277 3.5973208
277 3.5940745
278 3.5943325
278 3.5907278
278 3.5913556
278 3.5874794
278 3.5921006
278 3.588456
277 3.6005714
277 3.5972068
277 3.5975156
276 3.6095872
276 3.6097143
276 3.610474
276 3.6068497
276 3.6072176
276 3.6036596
277 3.6042118
277 3.6005938
277 3.6009665
277 3.5974839
277 3.598012
277 3.5944557
277 3.598482
277 3.5953343
277 3.603243
277 3.6
276 3.6115787
276 3.608404
276 3.6123924
276 3.6091123
277 3.6095002
276 3.6098874
276 3.6063156
276 3.6106458
276 3.6071074
276 3.614894
276 3.6117845
276 3.6120985
276 3.6085587
276 3.608985
276 3.6054273
276 3.6097116
276 3.6061468
277 3.6066144
277 3.60325
277 3.607411
277 3.6038344
277 3.6081095
277 3.604756
277 3.6087377
277 3.6056201
277 3.6058142
277 3.602489
277 3.6028345
277 3.5995045
277 3.596127
277 3.5963166
277 3.5930958
276 3.6158545
276 3.6124609
276 3.612835
276 3.6095045
276 3.6098936
276 3.6064115
275 3.6215901
275 3.618358
275 3.6223838
275 3.6190631
276 3.6193745
276 3.6161962
275 3.6238294
275 3.6203063
276 3.6207886
276 3.6174474
276 3.6178389
276 3.6145594
276 3.6110744
276 3.6115363
276 3.6082323
276 3.6049476
276 3.6016555
276 3.5981593
276 3.5952334
278 3.5954845
278 3.5923176
278 3.5961673
277 3.600311
277 3.6005428
277 3.6010616
277 3.5976436
277 3.5980208
277 3.5947547
277 3.5951207
277 3.5918891
278 3.592296
278 3.5889177
277 3.6002176
277 3.59698
Start time: 17/12/2018 02:22:47.711
End time: 17/12/2018 02:27:25.853
Duration: 278142 milliseconds (278.142 seconds)
Average latency: 278 milliseconds
Reads average latency: 18 milliseconds
Writes average latency: 530 milliseconds
Average throughput: 3.595286 operations per second
Number of requests: 1000
Number of reads: 493
Number of writes: 507
Number of timeouts: 0
Percentage of writes: 50%
Number of replicas: 12
