0 3.7313433
0 1.9342359
0 1.3140604
0 0.9881423
0 0.7949126
0 0.6583278
0 0.5652911
895 0.9955201
895 0.88495576
895 0.7974482
895 0.71813285
895 0.66644454
895 0.61349696
1145 0.84841627
1145 0.7991476
1018 0.9772783
696 1.4124293
696 1.3297873
680 1.4613779
599 1.5926738
599 1.5200456
599 1.6333938
599 1.5633142
552 1.8050542
509 1.9193858
509 1.8278751
510 1.9262112
510 1.8537003
512 1.9267824
512 1.8674135
512 1.78731
502 1.9559902
502 1.9370459
502 1.8763925
512 1.9397535
464 2.1111112
464 2.0498435
406 2.4182527
406 2.356799
411 2.3596501
411 2.3362212
419 2.3759742
419 2.3193245
419 2.267985
411 2.3870568
411 2.345175
417 2.3791316
417 2.328676
417 2.2855277
425 2.3157392
425 2.2739747
371 2.6902382
371 2.6393185
374 2.6666667
374 2.616089
381 2.6133635
381 2.5941248
381 2.552076
378 2.6376302
378 2.5998266
378 2.5525231
382 2.5786488
382 2.538232
386 2.5604196
386 2.523077
374 2.6629546
374 2.6270225
369 2.7020676
369 2.6666667
364 2.7394135
364 2.702094
364 2.6594272
331 3.0123782
331 2.971046
332 2.9852335
332 2.944579
336 2.9559715
336 2.9230769
336 2.8834481
341 2.8986955
341 2.8630664
334 2.9729993
334 2.9365041
337 2.950414
310 3.1996987
306 3.255511
303 3.2646682
303 3.2256598
299 3.3225574
299 3.2884505
303 3.2925065
303 3.2591693
303 3.2240038
306 3.2340426
306 3.1989226
309 3.2056618
309 3.172772
313 3.1787431
313 3.150497
313 3.1178799
317 3.126113
317 3.0956113
321 3.1052284
318 3.115265
317 3.1522977
317 3.130776
317 3.103036
320 3.108463
320 3.0823424
320 3.0512168
324 3.06207
324 3.034197
326 3.0445712
326 3.016274
315 3.1635668
312 3.1723044
314 3.1780746
311 3.1861167
311 3.1595578
311 3.197868
311 3.1716664
312 3.178452
312 3.1523187
312 3.1934454
312 3.1666827
314 3.1735957
314 3.1477227
314 3.120612
314 3.1630847
314 3.1367242
313 3.1743124
313 3.1513243
304 3.277407
304 3.252566
306 3.258294
306 3.233582
308 3.2365289
306 3.2463768
306 3.2212603
308 3.2266355
308 3.2047648
310 3.2094593
310 3.187652
312 3.1935575
312 3.171539
312 3.1480975
307 3.237126
307 3.2153473
306 3.246405
306 3.2255485
301 3.3109074
301 3.2894738
303 3.286728
303 3.2720475
303 3.25069
305 3.2547412
305 3.2348447
306 3.2627666
306 3.2452831
305 3.2713199
305 3.25482
305 3.2328916
301 3.3128834
301 3.2919605
302 3.2952921
302 3.2770295
304 3.2802587
304 3.2618272
304 3.2401493
296 3.3643892
296 3.3449512
295 3.370212
295 3.352756
297 3.355319
297 3.336914
298 3.3399222
295 3.3673837
295 3.346585
291 3.4188416
291 3.3993957
290 3.4171076
290 3.4051714
289 3.449405
289 3.4346333
289 3.41533
290 3.4401944
290 3.4209232
291 3.4238565
291 3.4075515
293 3.4092343
293 3.3912497
294 3.3927233
294 3.3780284
294 3.3607554
292 3.4043598
292 3.386304
292 3.4104056
292 3.3925686
290 3.4356668
290 3.419453
288 3.4610336
288 3.4455445
289 3.4475965
289 3.429893
289 3.414501
288 3.4562435
288 3.4390156
286 3.4792304
286 3.464115
287 3.4654784
287 3.4487987
284 3.5087721
284 3.4914498
283 3.531984
280 3.5535545
281 3.5540419
281 3.5392356
281 3.5573485
281 3.5435083
281 3.5261185
282 3.5281985
282 3.5123742
283 3.5150647
283 3.498813
283 3.5181863
283 3.5039907
283 3.4883106
284 3.5080948
284 3.4928398
283 3.5293298
283 3.514543
284 3.516029
284 3.5014246
284 3.4872391
284 3.5057864
284 3.4908745
285 3.4926097
285 3.477881
286 3.4800067
286 3.4655693
284 3.5008545
284 3.4869115
286 3.4891376
286 3.4743276
287 3.4762456
287 3.463471
288 3.4642968
288 3.4517243
289 3.4528167
289 3.4393945
289 3.4245484
290 3.428517
290 3.4138324
290 3.4310718
290 3.4190717
283 3.530147
283 3.5169623
284 3.5175803
284 3.5057373
285 3.5065053
285 3.4941459
285 3.4799597
286 3.4824657
286 3.468646
287 3.4707553
287 3.4577107
285 3.504673
285 3.4914951
285 3.4937484
285 3.4813268
285 3.4685323
287 3.469976
287 3.4573689
288 3.4589453
288 3.44622
289 3.4486756
289 3.4363267
290 3.4382553
290 3.4266214
289 3.4546752
289 3.4443004
289 3.4322832
290 3.4284747
290 3.4354584
290 3.4385483
290 3.4254236
288 3.4562535
288 3.4443011
288 3.4598243
288 3.4479427
289 3.449745
289 3.4373672
290 3.4396157
290 3.4285247
290 3.4165783
291 3.4185493
291 3.4068568
292 3.4089384
292 3.3969934
290 3.439587
290 3.427706
290 3.4427967
290 3.4319353
291 3.4333072
291 3.4220982
289 3.4497178
289 3.4388435
290 3.4405754
290 3.4303763
290 3.4188695
290 3.4337301
290 3.422024
291 3.424964
291 3.4130995
291 3.427701
291 3.4167266
289 3.444882
289 3.433185
288 3.4598606
288 3.45
288 3.4627507
288 3.453459
288 3.4413607
289 3.4441466
290 3.4434836
290 3.435667
290 3.4241967
290 3.4385211
290 3.428113
291 3.4295964
291 3.4194849
291 3.421151
291 3.4113295
289 3.4485235
286 3.486484
286 3.4871404
286 3.4777036
286 3.4668403
287 3.4689856
287 3.4587421
288 3.459883
288 3.4498887
287 3.4744084
287 3.464794
288 3.4663048
288 3.4558885
289 3.4573762
289 3.44784
289 3.4379618
289 3.4399607
289 3.4296913
289 3.44326
289 3.4329998
290 3.4341357
290 3.4254677
285 3.4936364
285 3.483696
284 3.5084581
284 3.4976718
282 3.5334117
282 3.5228043
281 3.5462952
281 3.5363717
282 3.5381503
282 3.5280325
283 3.5293605
283 3.5195537
283 3.5108314
283 3.511472
283 3.5020213
283 3.5247324
283 3.5157888
283 3.5167851
283 3.507646
284 3.5085099
284 3.4994788
285 3.5013263
285 3.491657
285 3.5031443
285 3.494369
285 3.4952922
285 3.4866188
285 3.4978907
285 3.48922
286 3.4901114
286 3.4813962
287 3.482448
285 3.4947734
285 3.4853952
285 3.4974718
285 3.487706
285 3.4897604
285 3.4801722
286 3.4814558
286 3.4731362
284 3.5145125
284 3.50552
283 3.517199
283 3.5084553
284 3.509614
284 3.5006185
285 3.5017908
285 3.4930682
285 3.4948072
285 3.4856622
285 3.4969857
283 3.518324
283 3.5095286
283 3.5204725
283 3.5114071
284 3.5131083
284 3.5040717
283 3.5158067
283 3.5065348
284 3.5083323
284 3.4995625
285 3.5007625
285 3.492823
285 3.4933665
285 3.485117
285 3.4957395
285 3.487788
286 3.4889987
286 3.4804096
285 3.5008469
285 3.492302
284 3.5122554
284 3.5039852
283 3.5237854
283 3.51605
283 3.507437
284 3.5093243
284 3.5004432
285 3.5018845
285 3.4939315
285 3.4946754
285 3.4871268
284 3.5153074
284 3.5080047
284 3.508485
284 3.5005624
285 3.5016603
285 3.4941041
285 3.503968
285 3.4963777
285 3.4970365
285 3.4899952
286 3.4903545
286 3.4832962
286 3.4749687
287 3.47641
287 3.4687808
286 3.4873044
286 3.4798388
286 3.4897723
286 3.482059
286 3.4836495
286 3.4755576
286 3.4858692
286 3.4776561
286 3.487434
286 3.4797964
287 3.4815814
287 3.4741678
286 3.4832118
286 3.4761262
287 3.4772182
287 3.4698186
287 3.4791508
283 3.5145047
283 3.5074012
283 3.5165617
283 3.5095139
284 3.5098968
284 3.502863
283 3.5204463
283 3.5130966
284 3.5140266
284 3.506809
284 3.5076609
284 3.5009522
285 3.5020165
285 3.4945056
283 3.5203412
283 3.5130544
284 3.514143
284 3.5065532
285 3.5078516
285 3.5007646
285 3.5015264
284 3.502855
284 3.495111
284 3.504815
284 3.497466
285 3.498453
285 3.491288
285 3.5007243
285 3.4934149
285 3.5024445
285 3.4954689
285 3.4964478
285 3.489734
283 3.5222745
283 3.5153708
283 3.5241382
283 3.5175362
284 3.518238
284 3.5112858
284 3.512494
284 3.5052774
283 3.5222292
282 3.5388136
282 3.538609
282 3.5327716
282 3.525885
281 3.5422788
281 3.5354824
282 3.5361607
282 3.5293753
282 3.5302534
282 3.5233703
282 3.532513
282 3.525597
283 3.5260715
283 3.52
283 3.520377
283 3.5140448
284 3.5147786
284 3.5085332
284 3.5091426
284 3.502271
284 3.5099058
283 3.5197265
283 3.5126348
283 3.5209427
283 3.5144532
282 3.5304894
282 3.523666
283 3.5245233
283 3.517945
283 3.5265937
283 3.5197237
283 3.5283372
283 3.521722
283 3.522703
283 3.5159168
283 3.5244224
283 3.5177858
284 3.5186129
284 3.5121653
284 3.5060468
283 3.52179
283 3.5151675
283 3.51589
283 3.5099099
284 3.5103116
284 3.5039346
284 3.5122175
284 3.505935
284 3.5143359
284 3.5078213
284 3.5155137
284 3.50947
284 3.5103896
284 3.5038543
285 3.5029733
285 3.4988716
285 3.4924414
285 3.4935787
285 3.487499
285 3.495083
285 3.4893153
285 3.49665
285 3.4980142
285 3.4917367
285 3.4994411
285 3.4939826
283 3.5220282
283 3.5159216
283 3.5167563
283 3.5107284
283 3.5184166
283 3.5123103
284 3.5136504
284 3.5074284
283 3.5218718
283 3.5158484
284 3.516959
284 3.5107017
284 3.5116978
284 3.512524
284 3.5126119
284 3.514097
284 3.5079215
284 3.5088189
284 3.5028384
284 3.5173995
284 3.5112827
283 3.5187523
283 3.5128884
283 3.5202363
283 3.5149035
282 3.5354207
282 3.5293338
282 3.5366523
282 3.5313065
282 3.5253496
283 3.525156
283 3.520063
282 3.5339396
282 3.528249
283 3.5289736
283 3.5231483
281 3.5436738
281 3.5381882
281 3.5450401
281 3.5392723
282 3.5399263
282 3.5347335
282 3.5350277
282 3.5292904
282 3.5431576
282 3.5371985
282 3.544849
282 3.5391772
282 3.53314
282 3.5338619
282 3.5281456
281 3.5419276
281 3.5361264
280 3.555809
280 3.5500937
281 3.551298
281 3.5455625
281 3.5460324
281 3.5403905
282 3.5413346
282 3.5358286
280 3.5613248
280 3.5560055
281 3.5567424
281 3.5509815
281 3.5516357
281 3.5461655
280 3.5592265
279 3.5660777
279 3.560831
280 3.5612447
280 3.5559554
280 3.5568793
280 3.5512192
281 3.5516243
281 3.5467074
281 3.5470319
281 3.5417469
282 3.542402
282 3.537269
281 3.5496988
281 3.5443132
281 3.5449817
281 3.5398767
281 3.546335
281 3.5412645
282 3.5417206
281 3.5428357
281 3.537304
281 3.5500333
281 3.5444646
281 3.5453148
281 3.540066
282 3.5404983
282 3.5355039
280 3.559755
280 3.5544953
280 3.5669847
280 3.5616665
280 3.5684533
280 3.5629592
279 3.5756152
279 3.570399
279 3.5766094
279 3.5718057
279 3.5722861
279 3.566876
280 3.5677166
280 3.5622876
280 3.5687466
280 3.5636013
280 3.5641725
280 3.559049
280 3.5595634
280 3.5606937
280 3.555186
280 3.555786
280 3.5507112
279 3.5742607
279 3.5693176
279 3.570037
279 3.5647461
280 3.5655513
280 3.5601606
279 3.57267
279 3.567121
280 3.5679994
280 3.5626557
280 3.5691826
279 3.57553
278 3.5873275
278 3.5823286
279 3.582735
279 3.5776966
279 3.5782897
279 3.5732315
279 3.573649
278 3.5801592
278 3.5752392
279 3.575652
279 3.5705929
279 3.5714087
279 3.5665083
280 3.566872
280 3.5619717
279 3.5735426
279 3.5690608
279 3.569222
279 3.5645223
278 3.5868914
278 3.5824175
277 3.6045032
277 3.599803
277 3.6000743
277 3.5956285
277 3.606661
277 3.601964
277 3.6077118
277 3.6032412
277 3.603545
277 3.5986822
277 3.599069
277 3.6051717
277 3.600365
276 3.606119
276 3.6011693
276 3.6075656
276 3.6023364
277 3.6028693
277 3.5979505
277 3.59895
277 3.59378
278 3.594245
278 3.5896697
278 3.5848584
278 3.5801551
278 3.5751987
278 3.5706341
278 3.5923834
277 3.592884
277 3.6039743
276 3.6100132
276 3.6100702
276 3.6057248
276 3.6008232
276 3.6118493
276 3.6071599
276 3.6127317
276 3.6079404
275 3.624341
275 3.6194146
275 3.6199284
275 3.6152277
275 3.6209517
275 3.6162055
275 3.6270876
275 3.622402
275 3.6331358
275 3.6286976
275 3.6288953
275 3.6246414
275 3.6250117
275 3.6203456
276 3.6206465
276 3.6161277
276 3.6162672
276 3.6120975
276 3.6072388
275 3.6282957
275 3.6237042
275 3.6239974
275 3.6194234
275 3.61985
275 3.6155303
275 3.6107283
275 3.6063209
276 3.6171284
276 3.6122513
275 3.6228971
275 3.6186059
276 3.618667
274 3.634343
274 3.6295826
275 3.6305165
275 3.6257725
274 3.6409643
274 3.636653
274 3.6369417
274 3.6323397
274 3.638166
274 3.6332676
273 3.658621
273 3.6541586
272 3.6692178
272 3.6646273
272 3.6702123
272 3.6655054
272 3.665844
272 3.6617467
270 3.6913917
270 3.6867352
271 3.6870995
271 3.6825676
270 3.697605
270 3.6930532
270 3.6936057
270 3.6988497
270 3.6941693
270 3.6945753
270 3.690126
269 3.7049024
269 3.700666
268 3.7152867
268 3.7109947
269 3.7114134
269 3.7067091
269 3.7121947
269 3.7075715
269 3.7079742
269 3.703385
269 3.708441
269 3.704463
269 3.7091177
269 3.7051308
269 3.709826
269 3.7058477
269 3.7055993
269 3.7016525
269 3.6972072
270 3.6975996
270 3.6930478
269 3.70749
269 3.7032852
269 3.7132437
269 3.7087634
269 3.7135675
269 3.7096193
268 3.718985
268 3.7146406
267 3.7337816
267 3.7292907
267 3.743714
267 3.7392044
267 3.739542
267 3.7351696
267 3.7353897
267 3.7312915
267 3.731171
267 3.7274482
267 3.7230287
267 3.7277842
267 3.7234263
267 3.7378967
267 3.7334166
267 3.7384806
267 3.7342498
267 3.7387881
267 3.7345157
267 3.7393844
267 3.735087
267 3.7401145
267 3.7358599
267 3.73616
267 3.7318852
267 3.7324433
267 3.7280135
268 3.7283044
268 3.724092
268 3.7197878
267 3.7382925
267 3.7338474
267 3.738881
267 3.734479
267 3.7349446
267 3.730724
267 3.7312765
267 3.7267525
267 3.736029
267 3.7317932
267 3.736701
267 3.7327228
267 3.7328207
267 3.7288392
267 3.7336125
267 3.7292917
267 3.7340043
267 3.72994
267 3.7389126
267 3.734984
267 3.7348313
267 3.7312446
267 3.727025
267 3.7402976
267 3.7364056
267 3.7365143
267 3.7324548
267 3.7371235
267 3.733007
267 3.7332983
267 3.72926
266 3.7470644
266 3.743248
266 3.7520597
266 3.7479048
266 3.748178
266 3.744166
266 3.7442808
266 3.7403626
267 3.7405622
267 3.736753
267 3.7368433
267 3.73303
267 3.7328677
267 3.7290988
267 3.7252738
268 3.7255044
268 3.721261
268 3.7262032
268 3.72192
268 3.7222326
268 3.7183757
268 3.7185645
268 3.7145774
268 3.727648
268 3.7237067
268 3.7239525
268 3.72015
268 3.720509
268 3.7164035
268 3.7167184
268 3.7128139
269 3.7130852
269 3.7091613
268 3.7178943
268 3.713911
268 3.7187984
268 3.7145889
268 3.723217
267 3.727893
267 3.7238576
268 3.7240527
268 3.720558
267 3.7288249
267 3.7251775
267 3.7294662
267 3.725578
267 3.72995
267 3.7262704
267 3.7346342
267 3.7310655
267 3.7313895
267 3.7272155
268 3.7276967
268 3.723689
268 3.7239733
268 3.7203145
268 3.7204642
268 3.7165875
268 3.717076
268 3.71315
268 3.7175026
268 3.7137966
268 3.7181854
268 3.7145467
269 3.714111
269 3.7109525
269 3.7070458
269 3.7073584
269 3.7035384
269 3.7080715
269 3.7041535
269 3.712496
269 3.708926
269 3.7092497
269 3.7053614
268 3.7217696
268 3.7181604
268 3.7303085
268 3.7269228
267 3.7389476
267 3.7351866
267 3.7393954
266 3.743955
266 3.7402596
267 3.7400115
267 3.7367747
267 3.7368731
267 3.7331698
267 3.7334204
267 3.7297277
267 3.733979
267 3.7301009
267 3.730516
267 3.726988
267 3.73096
267 3.7272918
267 3.731461
267 3.727932
268 3.7280676
268 3.7244167
267 3.736445
267 3.7327347
267 3.741147
267 3.7373512
266 3.74932
266 3.7458162
266 3.7459767
266 3.7421324
267 3.7422378
267 3.739031
267 3.7352777
267 3.7353609
267 3.731778
267 3.7319515
267 3.7286675
267 3.7286127
267 3.7252953
268 3.7294395
268 3.7257538
267 3.741216
267 3.7379432
266 3.7456498
266 3.7421782
267 3.7422388
267 3.738949
267 3.742805
267 3.7393491
267 3.7430537
267 3.739933
267 3.7362328
267 3.7404437
267 3.7367783
266 3.7482429
266 3.7450192
266 3.7450476
266 3.7416904
266 3.7492695
266 3.7457302
266 3.757462
266 3.7537508
266 3.753941
266 3.7505808
266 3.7544477
266 3.7508812
266 3.7512572
266 3.7477705
266 3.7478523
266 3.7444744
266 3.7445314
266 3.7412188
267 3.7414327
267 3.7378352
Start time: 17/12/2018 02:22:47.713
End time: 17/12/2018 02:27:15.239
Duration: 267526 milliseconds (267.526 seconds)
Average latency: 267 milliseconds
Reads average latency: 22 milliseconds
Writes average latency: 525 milliseconds
Average throughput: 3.7379544 operations per second
Number of requests: 1000
Number of reads: 512
Number of writes: 488
Number of timeouts: 0
Percentage of writes: 50%
Number of replicas: 12
