0 3.7313433
0 1.9762846
0 1.3071896
0 0.9842519
0 0.78802204
0 0.6583278
0 0.56497175
904 0.9975062
904 0.88613206
904 0.79776627
904 0.7117438
904 0.6646726
904 0.61387354
1153 0.84841627
1153 0.7936508
1153 0.748503
1025 0.9394082
1025 0.88554347
953 1.0384216
953 0.9984026
953 0.9491268
900 1.0877448
900 1.0402219
854 1.1625975
854 1.1189258
854 1.0741138
743 1.317716
743 1.2846131
720 1.3713659
665 1.4651039
665 1.4162482
663 1.4925374
619 1.574994
619 1.5249268
623 1.5943514
623 1.5548645
623 1.5061861
550 1.7887206
550 1.7410897
550 1.7944372
550 1.7552413
550 1.7066464
510 1.9473293
510 1.9007964
505 1.9443218
505 1.9102197
489 2.034933
489 1.9990005
489 1.9566281
495 1.9976028
495 1.9597085
497 1.998002
497 1.9600452
499 1.9977802
499 1.9614965
499 1.9251337
504 1.9421517
504 1.9283746
477 2.093039
477 2.065978
477 2.0321207
438 2.255736
438 2.2195446
429 2.311633
429 2.2746832
422 2.3610606
403 2.447177
403 2.4668157
403 2.4340773
407 2.454478
389 2.5310762
389 2.4896264
387 2.5740728
387 2.5398543
380 2.6113834
380 2.5765066
377 2.6457772
377 2.6104314
377 2.5804493
374 2.6453707
374 2.616121
376 2.6317074
376 2.6001542
379 2.6173027
379 2.5865312
382 2.6035612
382 2.5742393
382 2.54245
358 2.7837644
353 2.7991292
353 2.768744
355 2.7792253
355 2.7480786
358 2.7653692
358 2.7347696
346 2.873324
346 2.841845
349 2.8496988
349 2.8261135
349 2.799328
353 2.810212
353 2.782786
357 2.7930794
357 2.7686985
357 2.7411861
355 2.7825825
355 2.7650113
358 2.7750027
358 2.7515867
358 2.7242017
363 2.7378507
363 2.712542
365 2.723832
365 2.701091
363 2.7463932
363 2.7216039
363 2.7003932
365 2.7111292
365 2.6875398
368 2.6987405
368 2.6750329
370 2.6878197
370 2.6654532
372 2.6750894
372 2.6554053
374 2.6653974
374 2.644087
374 2.6232784
373 2.6621265
373 2.6454213
366 2.7161474
366 2.6955812
368 2.7053022
368 2.686166
370 2.6951783
370 2.6741111
370 2.656159
372 2.6663575
372 2.645731
374 2.6551704
374 2.6372504
376 2.6460986
376 2.6281211
378 2.6378632
378 2.6188834
378 2.6004598
373 2.6663764
373 2.647647
374 2.6566484
374 2.6387334
373 2.6742215
373 2.657615
375 2.6589506
369 2.7001066
369 2.6835938
360 2.768237
360 2.7498407
362 2.7565627
362 2.7418623
360 2.7701523
354 2.8068259
354 2.789779
356 2.7965853
356 2.7795386
358 2.7862577
358 2.7707505
359 2.7757835
359 2.761576
359 2.7445877
361 2.7519052
361 2.736458
363 2.7432292
363 2.7270627
359 2.7806504
359 2.7645137
360 2.770964
360 2.7568753
360 2.73948
359 2.7704544
359 2.7544537
357 2.7833002
357 2.768744
354 2.81475
354 2.8039212
354 2.7882247
356 2.794557
356 2.7805107
358 2.7856338
358 2.7713137
359 2.7779531
359 2.763877
359 2.7489119
361 2.7560768
361 2.7413638
362 2.7478726
362 2.733857
364 2.7402823
364 2.726722
365 2.7333386
365 2.7189667
366 2.7255547
352 2.8314028
352 2.8362648
352 2.8231971
352 2.8089888
351 2.8334658
351 2.820493
352 2.8260536
352 2.8125896
353 2.8186717
353 2.8048897
355 2.8105783
355 2.796704
356 2.801853
356 2.79049
357 2.7952092
350 2.8379774
351 2.8417945
343 2.9034202
343 2.8897007
334 2.9848046
334 2.9725444
335 2.976564
335 2.9632802
331 3.0193236
331 3.0084236
331 2.9948032
332 2.9991581
332 2.9861693
332 3.0072834
332 2.9954634
333 2.9987593
333 2.986253
333 2.9736474
334 2.9779632
334 2.9659004
333 2.9858804
333 2.97439
333 2.9948134
333 2.9829357
332 3.0034516
332 2.9914389
328 3.044566
328 3.0317929
329 3.0365362
329 3.023702
328 3.0431545
328 3.0316224
328 3.0186741
326 3.0557554
326 3.0430005
325 3.0627143
325 3.05066
325 3.0700443
325 3.0586314
323 3.0926867
323 3.0815203
323 3.0686255
322 3.0885646
323 3.0903583
323 3.0801291
323 3.0679998
324 3.0713558
324 3.0601885
325 3.0638735
325 3.0518057
325 3.0703332
325 3.059108
324 3.0767858
324 3.0658493
324 3.0545843
321 3.1022112
321 3.090896
322 3.0940776
322 3.0835018
320 3.1147232
320 3.1042895
320 3.1218977
320 3.110665
319 3.125803
319 3.1162844
319 3.1060743
320 3.1028306
321 3.1105292
318 3.129605
318 3.1181397
318 3.1350584
318 3.124219
318 3.1412163
318 3.1297827
319 3.1331594
319 3.1231167
319 3.1118634
319 3.115392
319 3.1043272
319 3.1208625
319 3.110399
316 3.1537697
316 3.1427195
317 3.1461213
317 3.1352127
313 3.191419
313 3.1806786
312 3.1970317
312 3.1860497
312 3.175848
312 3.191808
312 3.180868
312 3.1971629
312 3.18648
312 3.1889725
312 3.1787944
312 3.1943166
312 3.1836588
313 3.1866946
313 3.1765318
311 3.2042792
311 3.1946871
312 3.1968908
312 3.1869025
312 3.17662
312 3.1924276
312 3.18152
310 3.2085695
310 3.1990156
311 3.2017076
311 3.1925044
312 3.1944988
312 3.1847908
312 3.199302
312 3.1897542
311 3.2042017
311 3.194543
312 3.196533
312 3.1878314
313 3.188692
313 3.1808202
313 3.1709971
313 3.1852393
313 3.1758354
314 3.178252
314 3.1690347
312 3.1945903
312 3.18575
313 3.1877036
313 3.1788967
313 3.1693714
314 3.172268
314 3.162635
314 3.1769614
314 3.1674416
311 3.2038174
311 3.1952503
311 3.2084234
311 3.1997116
310 3.213014
310 3.2035127
309 3.2285452
309 3.2194102
310 3.2215064
310 3.2130115
310 3.2148657
310 3.2060463
311 3.2079804
311 3.1991584
311 3.190385
311 3.2041502
311 3.1950965
311 3.1973467
311 3.1885343
308 3.2339087
308 3.2253208
309 3.2272937
309 3.2187693
309 3.2207837
309 3.212151
309 3.2249851
309 3.2164207
310 3.218454
310 3.2100196
310 3.2225897
310 3.2141886
310 3.215837
310 3.207832
311 3.209856
311 3.2014422
311 3.1930392
312 3.1945918
312 3.187431
311 3.1995406
311 3.190967
309 3.2239306
309 3.215794
310 3.2177842
310 3.209704
310 3.2115374
310 3.203546
309 3.2256768
309 3.2172709
310 3.219163
310 3.2113616
307 3.2530842
307 3.2455287
307 3.246946
307 3.2390263
308 3.240613
304 3.2819748
304 3.2740605
304 3.2754827
304 3.2677507
304 3.2791991
304 3.2713048
304 3.273164
304 3.2652273
305 3.2669032
305 3.2590828
304 3.2800407
304 3.2722576
305 3.2740567
305 3.2661068
305 3.267943
305 3.260509
305 3.2713728
305 3.2636583
305 3.274801
305 3.2669923
305 3.2690759
305 3.261225
305 3.2536242
304 3.27384
304 3.2665787
305 3.2680948
305 3.260187
305 3.2621317
305 3.2547235
306 3.2564027
306 3.2490115
306 3.2598274
306 3.2524326
305 3.271835
305 3.265069
305 3.266466
305 3.2590346
306 3.261085
305 3.2623641
306 3.2643983
306 3.2570083
306 3.2496228
305 3.2690508
305 3.2616715
305 3.263424
305 3.2562337
306 3.2577317
306 3.2509296
306 3.2611084
306 3.2539008
306 3.2642274
306 3.2574143
306 3.2588618
306 3.2514954
307 3.2530904
307 3.2462754
307 3.2478752
307 3.2409601
308 3.2425923
308 3.2356627
308 3.237133
308 3.2390947
308 3.2317479
307 3.25087
307 3.2437205
307 3.2452676
307 3.2384899
306 3.2569442
306 3.250143
304 3.27665
304 3.2699468
304 3.279923
304 3.273022
304 3.2828956
304 3.276017
304 3.2858162
304 3.2790687
300 3.3219023
300 3.3150265
301 3.3163266
301 3.3099258
301 3.3107698
299 3.3291345
299 3.321988
298 3.3396325
298 3.3328998
299 3.334307
299 3.3272078
299 3.3287551
299 3.322393
299 3.3316166
299 3.3246603
300 3.3263066
300 3.3193626
300 3.3205884
300 3.314609
299 3.3316371
299 3.3246317
300 3.3263376
300 3.3197906
299 3.3368044
299 3.3302104
299 3.3396459
297 3.3567312
297 3.3575957
297 3.359296
297 3.3522255
296 3.361449
296 3.3548968
297 3.3561468
297 3.3496819
297 3.3508599
297 3.34443
298 3.3458192
298 3.3390393
299 3.3405352
299 3.3341236
298 3.3430777
298 3.3367615
299 3.3380475
299 3.3313348
299 3.333207
299 3.3266797
300 3.327624
300 3.3216586
300 3.3154402
300 3.316849
300 3.3106632
301 3.311778
301 3.3054767
302 3.3070164
302 3.3008943
301 3.3097348
301 3.303312
301 3.3119435
301 3.305907
300 3.3291843
300 3.3231142
300 3.3242826
300 3.3185596
300 3.3268502
300 3.3208528
300 3.32163
300 3.3162673
300 3.3097682
300 3.3183837
300 3.3126476
301 3.3136487
301 3.3077505
301 3.3160934
301 3.310212
301 3.3114007
301 3.3054776
299 3.3352618
299 3.329602
300 3.3306289
300 3.3246663
299 3.3331206
299 3.3273158
298 3.3470085
298 3.3435616
298 3.3376756
298 3.3458686
298 3.3400226
297 3.362145
297 3.3562207
297 3.363479
296 3.3727283
296 3.3665116
295 3.3748827
295 3.3688235
295 3.3764849
295 3.3712368
296 3.3719485
296 3.3664007
296 3.3673503
296 3.361552
294 3.396865
294 3.391314
294 3.392098
294 3.3862965
295 3.3873634
295 3.38159
295 3.382294
295 3.376915
295 3.3711889
294 3.3928258
294 3.386886
294 3.387552
294 3.3824368
295 3.383154
295 3.3777459
295 3.3785586
295 3.3729284
295 3.387304
295 3.3816779
294 3.389381
294 3.3837922
294 3.3908837
294 3.3860047
294 3.380137
294 3.3943572
294 3.3890512
291 3.4291933
291 3.4232452
291 3.4247472
291 3.4188924
291 3.4263082
291 3.42076
292 3.4216778
292 3.416111
292 3.4171216
292 3.4116242
291 3.4254968
291 3.4199374
292 3.420892
292 3.4153793
292 3.4161193
292 3.4110909
292 3.405446
291 3.431801
291 3.4264023
291 3.4273796
291 3.421614
291 3.4227257
291 3.41757
291 3.430911
291 3.425457
289 3.451664
289 3.446194
289 3.453342
289 3.454242
287 3.473613
287 3.4684248
288 3.4692755
288 3.4637644
288 3.4649217
288 3.4654078
288 3.4603577
288 3.4605074
288 3.4556513
286 3.4873097
286 3.4819157
284 3.5073254
284 3.5019815
284 3.5088365
284 3.503485
283 3.528685
283 3.5233414
283 3.5301218
283 3.5247707
283 3.5255144
283 3.5201862
283 3.520636
283 3.5155659
284 3.5160215
284 3.5109944
284 3.505665
284 3.5064294
284 3.501165
285 3.50185
285 3.4969223
284 3.5153167
284 3.5101123
284 3.516803
284 3.5115912
284 3.5183017
284 3.5128736
283 3.519708
283 3.5142317
282 3.5388296
282 3.5336106
282 3.5342765
282 3.529121
283 3.5297296
283 3.5245752
283 3.5253332
283 3.5200768
283 3.5208185
283 3.521681
282 3.533363
282 3.5287004
282 3.5236611
283 3.5243516
283 3.5190072
282 3.5372655
282 3.532182
282 3.532856
282 3.5276718
282 3.534178
282 3.529047
283 3.529823
283 3.5246725
283 3.5253315
283 3.520544
283 3.5210865
283 3.5158186
284 3.5167656
284 3.511718
284 3.5124292
284 3.507422
284 3.5081573
284 3.5032492
284 3.509701
283 3.5158184
284 3.5163403
283 3.5174723
283 3.512133
283 3.5290828
283 3.5249429
280 3.559116
280 3.5540006
281 3.554621
281 3.549645
281 3.5503483
281 3.5453527
281 3.5460012
281 3.541143
282 3.541776
282 3.536898
281 3.5485182
281 3.543664
281 3.555263
281 3.550393
281 3.556421
281 3.5516214
280 3.55767
280 3.552843
281 3.553432
281 3.5486042
281 3.5491014
281 3.5446193
281 3.5396504
282 3.5400047
282 3.535495
282 3.536026
282 3.5313241
282 3.531992
282 3.527176
282 3.5332088
282 3.5284417
282 3.5344946
282 3.5294745
283 3.5305538
283 3.5256648
283 3.5262768
283 3.5216317
283 3.5169616
284 3.517769
283 3.52353
282 3.5346704
282 3.5351539
282 3.5308688
282 3.5260558
282 3.531656
282 3.5272627
283 3.527901
283 3.5232835
283 3.5238512
283 3.51927
283 3.5198598
283 3.5154603
284 3.515889
284 3.5115426
284 3.517163
284 3.5128987
284 3.5131655
284 3.5087175
284 3.5145667
284 3.5099473
284 3.510813
284 3.5061202
284 3.5067182
284 3.5074403
284 3.5029497
284 3.5139587
284 3.5093095
283 3.5251503
283 3.5209115
283 3.5213416
283 3.5169034
284 3.5175164
284 3.5129697
284 3.508772
284 3.5040882
284 3.4997349
284 3.4952688
285 3.4959576
285 3.4915779
286 3.4921288
284 3.507997
284 3.503496
283 3.529129
283 3.524753
282 3.530234
282 3.5261316
282 3.5362968
282 3.5320046
282 3.532779
282 3.5282383
282 3.5338142
282 3.5294232
282 3.5349317
282 3.5306199
282 3.5409925
282 3.5366669
282 3.5371847
282 3.5331173
282 3.533413
282 3.529308
282 3.5346413
282 3.530286
282 3.5356915
282 3.5316384
283 3.5320196
283 3.527723
283 3.523437
283 3.5240152
283 3.5196757
283 3.5202572
283 3.5162048
284 3.5166194
284 3.5124116
284 3.5130157
284 3.508772
284 3.509295
284 3.5053349
285 3.5057094
285 3.5015113
285 3.502074
285 3.4980743
285 3.5033123
285 3.4991872
284 3.5094068
284 3.505284
285 3.5053055
284 3.5062914
284 3.502104
285 3.50266
285 3.4985533
285 3.4991782
285 3.4950356
285 3.4955976
285 3.491469
286 3.4920828
286 3.48805
284 3.5071926
284 3.503283
284 3.508493
284 3.504378
285 3.5050218
285 3.5008554
285 3.5061414
285 3.5020974
285 3.4981604
284 3.5078926
284 3.5036821
285 3.5045648
285 3.5001895
285 3.500702
285 3.4968905
285 3.4973898
285 3.4934134
285 3.498561
285 3.4945445
285 3.499711
285 3.4957507
285 3.4963274
285 3.4923477
285 3.4973974
285 3.4936488
285 3.498622
285 3.494594
285 3.4997454
285 3.4957414
285 3.4962974
285 3.4925754
285 3.4884667
285 3.4935327
285 3.4896057
285 3.4943752
285 3.4907236
286 3.4913592
286 3.4874208
286 3.4924695
286 3.4885232
286 3.489143
286 3.485334
286 3.490222
286 3.486358
286 3.486822
286 3.483048
286 3.4836075
286 3.4797215
286 3.484769
286 3.480906
287 3.4814653
287 3.4777377
287 3.4739563
287 3.4787369
287 3.4787133
287 3.4756792
287 3.471733
287 3.4766939
287 3.4728928
287 3.473471
287 3.4695907
287 3.470338
287 3.4663787
288 3.4671884
288 3.463347
288 3.4680772
288 3.4644997
288 3.4649312
288 3.4613798
288 3.4617987
288 3.4580784
288 3.4630086
288 3.4590704
288 3.4598339
288 3.456057
289 3.456554
288 3.457243
288 3.4535258
287 3.4798596
287 3.4761262
287 3.476673
287 3.4731443
287 3.473574
287 3.4698038
287 3.4705327
287 3.4667144
287 3.4757717
287 3.4721484
286 3.485461
286 3.4815245
287 3.4824436
287 3.4784157
286 3.4875355
286 3.484026
286 3.4844234
286 3.4807482
286 3.4855835
286 3.4818268
287 3.4825327
287 3.478743
287 3.4793193
286 3.488177
286 3.4847293
286 3.4851513
286 3.4814663
286 3.4820075
286 3.478406
287 3.4789493
287 3.4752715
286 3.4924767
286 3.4888356
286 3.4935584
286 3.4899528
286 3.4902785
286 3.486958
285 3.4956365
285 3.4920437
286 3.4925961
286 3.4888415
285 3.5017118
285 3.4981706
285 3.4989014
285 3.495155
285 3.5038972
285 3.5002682
285 3.5007792
283 3.521702
283 3.5181375
283 3.526769
283 3.523163
283 3.5277889
283 3.5241182
283 3.5246298
283 3.5210838
283 3.521512
283 3.5180762
283 3.5267093
283 3.5230188
283 3.5235143
283 3.5198207
283 3.520375
283 3.5169752
284 3.517517
283 3.521947
283 3.5224123
282 3.5309348
282 3.5271745
282 3.5317457
282 3.52826
283 3.5287027
283 3.5251849
282 3.5336392
282 3.5301375
282 3.5345664
282 3.5310566
282 3.5315497
282 3.527882
283 3.5285032
283 3.5249994
282 3.5333316
282 3.5298717
283 3.5304327
283 3.5269685
283 3.5313709
283 3.5277739
282 3.5399969
282 3.5367312
282 3.537019
282 3.5335827
282 3.5339975
282 3.5305572
282 3.5271368
282 3.5315003
282 3.5280724
282 3.531945
282 3.5290592
282 3.5372913
282 3.5338848
282 3.5341995
282 3.530789
282 3.542859
282 3.5394053
281 3.547593
281 3.5441413
281 3.5447588
281 3.5412076
282 3.5416079
282 3.5382845
281 3.5462356
281 3.543118
281 3.5510492
281 3.5476344
281 3.548067
281 3.5486755
281 3.545178
281 3.5454361
281 3.5422459
281 3.5503948
281 3.5468953
281 3.551074
281 3.547756
280 3.5633101
280 3.5601084
280 3.5641372
280 3.5609276
280 3.565015
280 3.5616624
279 3.5733154
279 3.5701358
279 3.5704195
279 3.5670073
279 3.5750804
279 3.571643
279 3.5720184
279 3.5686305
279 3.5653694
280 3.5658429
280 3.5623906
280 3.5628254
280 3.559489
280 3.5599127
280 3.556572
280 3.5681465
280 3.56487
280 3.5689216
280 3.5657701
279 3.5734274
279 3.5703175
279 3.5705433
279 3.5672169
280 3.5676432
280 3.5643654
280 3.5648062
280 3.561642
280 3.5619006
280 3.5586011
280 3.5590456
280 3.5557284
280 3.5525346
281 3.5529053
281 3.549655
281 3.5500925
281 3.5468247
281 3.546772
281 3.54416
282 3.5443685
282 3.5413496
282 3.5415094
281 3.5457773
281 3.542431
280 3.564629
280 3.5614135
279 3.5690367
279 3.5657973
279 3.573403
279 3.570191
279 3.5705397
279 3.5673232
279 3.571377
279 3.5681655
279 3.5829284
279 3.5796866
278 3.5872252
278 3.5841396
Start time: 17/12/2018 02:22:47.687
End time: 17/12/2018 02:27:26.902
Duration: 279215 milliseconds (279.215 seconds)
Average latency: 279 milliseconds
Reads average latency: 21 milliseconds
Writes average latency: 526 milliseconds
Average throughput: 3.5814695 operations per second
Number of requests: 1000
Number of reads: 489
Number of writes: 511
Number of timeouts: 0
Percentage of writes: 50%
Number of replicas: 12
