0 3.7313433
0 1.9379846
0 1.317523
0 0.9784736
0 0.79808456
0 0.665336
0 0.57240987
890 0.99601597
750 1.3280212
750 1.1966494
750 1.0775863
750 1.0
756 1.2273704
693 1.4249073
693 1.3234515
693 1.2212995
693 1.1773015
693 1.1057055
789 1.2528712
789 1.1947432
789 1.1402508
768 1.2706481
768 1.2161223
748 1.3129821
748 1.2797953
748 1.2187691
736 1.3337284
736 1.2816862
717 1.3764625
523 1.8676628
523 1.7877666
529 1.8339651
529 1.8162005
529 1.7593244
535 1.8258588
489 2.0002224
487 2.0500648
443 2.208202
449 2.2186365
449 2.1982412
449 2.1440406
449 2.091056
462 2.1339767
462 2.0867355
384 2.5641024
384 2.5182354
367 2.7192388
367 2.6615653
367 2.6122448
374 2.6353617
374 2.5878294
380 2.6135752
380 2.5641024
374 2.6646929
374 2.6183724
381 2.613548
381 2.5943065
381 2.5522523
378 2.637987
378 2.6
378 2.5526903
382 2.578815
382 2.538393
386 2.5605798
386 2.5232322
390 2.5420651
390 2.5077622
361 2.7609704
361 2.7247956
357 2.796644
350 2.8148398
350 2.77039
356 2.7934492
356 2.7551186
351 2.8254611
351 2.7869802
355 2.8005395
355 2.7693727
355 2.7318258
360 2.7489004
360 2.7151108
357 2.778184
357 2.7440786
360 2.7620363
350 2.821936
346 2.883587
313 3.1712475
313 3.1349387
312 3.1880023
312 3.1552749
315 3.1609447
315 3.1289384
315 3.0951767
315 3.14907
315 3.1148715
314 3.164162
314 3.1316962
317 3.1381178
317 3.1102314
317 3.0780299
318 3.1262367
318 3.0957327
318 3.1435556
318 3.1141868
320 3.1144364
320 3.0931723
320 3.0633593
324 3.0715714
324 3.04576
324 3.0148928
328 3.0261548
328 2.9986076
330 3.0092757
330 2.9813056
319 3.1289113
309 3.2068965
311 3.2123575
311 3.1862245
311 3.159664
296 3.3645358
296 3.3369677
294 3.3751678
294 3.3474162
294 3.3858953
294 3.3597848
293 3.395855
293 3.3681693
293 3.3391588
296 3.3492527
296 3.3213398
299 3.3270252
299 3.3029304
301 3.3080719
301 3.283582
298 3.3462641
298 3.3228452
300 3.3241
300 3.3044436
300 3.278877
302 3.2838378
302 3.2605612
300 3.3221655
300 3.2985773
301 3.3057392
301 3.2819438
301 3.2576857
297 3.3460283
297 3.3225284
296 3.3518355
296 3.3331556
296 3.3635256
296 3.341226
299 3.3389854
295 3.3760095
295 3.3539734
292 3.4085958
292 3.3877583
294 3.389316
294 3.3711538
296 3.3712916
296 3.3542871
296 3.331688
298 3.3356225
298 3.3173158
298 3.3438332
298 3.32442
300 3.328305
300 3.3095238
300 3.2875288
302 3.2938852
302 3.2748537
303 3.2773168
303 3.2603416
295 3.3783784
295 3.3598466
296 3.3627193
296 3.3448594
296 3.324274
296 3.3518806
296 3.332815
296 3.3510437
296 3.339338
295 3.3839839
295 3.369492
295 3.3505545
295 3.3757634
295 3.3568525
295 3.381396
295 3.365293
296 3.367216
296 3.3494525
298 3.3511646
298 3.3366494
298 3.3195877
298 3.3422186
298 3.3251734
298 3.348826
298 3.3327947
299 3.3352757
299 3.3195353
299 3.3417542
299 3.3267984
300 3.329459
300 3.3123615
300 3.2974966
301 3.3009708
301 3.2838185
301 3.3069928
301 3.291929
299 3.3322544
299 3.3162153
297 3.3579204
297 3.3413427
298 3.3451693
298 3.3296752
298 3.350363
298 3.3365285
299 3.3373675
299 3.324383
299 3.3080685
300 3.3111384
300 3.2962878
300 3.31785
300 3.3025098
302 3.3050215
302 3.2916858
302 3.2769556
303 3.2794936
303 3.2658622
304 3.285985
304 3.2715943
302 3.3092606
302 3.2955148
303 3.2967784
303 3.2852182
303 3.2706323
299 3.323941
299 3.309923
300 3.313364
300 3.2990103
302 3.3018086
302 3.2880607
301 3.3087509
301 3.2941098
295 3.3783784
295 3.365963
293 3.3995986
293 3.3872607
295 3.388633
293 3.3914576
293 3.376818
289 3.4444444
289 3.4296913
289 3.4468648
289 3.4348092
290 3.43648
290 3.4236448
291 3.4246576
291 3.4131274
292 3.4145966
290 3.432319
290 3.4198995
290 3.435747
290 3.423257
291 3.4255362
291 3.4126616
291 3.4298382
291 3.4169416
292 3.419464
292 3.4073064
292 3.394784
293 3.3965094
293 3.384169
293 3.400616
293 3.3881054
291 3.4191995
291 3.4080405
288 3.467077
288 3.4553456
288 3.4547243
288 3.4443495
288 3.4323323
289 3.4426322
289 3.4496353
288 3.4526315
288 3.439453
288 3.4563015
288 3.4443488
287 3.4736636
287 3.4613051
287 3.476803
287 3.4648044
288 3.466725
288 3.4547482
288 3.4439745
286 3.4863923
286 3.4747474
287 3.475577
287 3.4639096
287 3.4662967
287 3.4543233
288 3.456084
288 3.4446807
288 3.4596615
288 3.4483664
287 3.4758973
287 3.4649403
288 3.4665418
288 3.4558184
288 3.4447167
288 3.4590063
288 3.4477012
288 3.4633472
288 3.4513502
285 3.4912212
285 3.4800434
285 3.4954004
285 3.483532
286 3.4849756
286 3.4750433
286 3.487706
286 3.4783473
286 3.4661617
287 3.4684079
287 3.4580784
288 3.4574926
288 3.4496257
283 3.5234878
283 3.5132506
284 3.5144699
284 3.5041082
282 3.541486
282 3.5310225
282 3.5447404
282 3.5342863
281 3.54669
281 3.537092
281 3.526043
281 3.539823
281 3.5289135
281 3.5542104
281 3.5434866
281 3.5560634
281 3.546223
280 3.5590901
280 3.5483947
281 3.549614
281 3.5398228
282 3.5406544
282 3.5314286
282 3.5206854
281 3.5451725
281 3.5345695
277 3.6040719
277 3.5936375
276 3.6060123
276 3.5957522
277 3.5978858
277 3.5868244
277 3.6001198
277 3.5893118
276 3.612621
276 3.602512
277 3.604118
277 3.5942054
278 3.5949605
278 3.585401
278 3.575504
276 3.6098735
276 3.5993385
277 3.600224
277 3.5910888
276 3.613321
276 3.603931
276 3.61519
276 3.6058843
276 3.6180756
276 3.6076639
276 3.6091177
276 3.5992424
274 3.6422799
274 3.6328232
271 3.6858757
271 3.6767385
271 3.6771197
271 3.6679375
272 3.6684923
272 3.659341
272 3.6503482
273 3.6509824
273 3.6411614
271 3.6836734
271 3.6735525
270 3.6844935
270 3.6756887
271 3.6761365
271 3.6667304
271 3.6780221
271 3.668511
272 3.6692662
272 3.6602273
272 3.6709478
272 3.6618042
272 3.6631489
272 3.653563
272 3.664483
272 3.6657755
272 3.6566117
272 3.6574154
272 3.6479974
272 3.659118
272 3.649706
273 3.6514378
273 3.6418085
272 3.6621916
272 3.653811
273 3.6542556
273 3.645968
273 3.6461167
273 3.6375065
272 3.6667619
272 3.6580744
273 3.6588826
273 3.6502202
273 3.6608663
273 3.6519308
272 3.662146
272 3.6535227
271 3.6822972
271 3.6738377
271 3.6651788
272 3.6653092
272 3.657489
272 3.6585815
272 3.6502726
272 3.6598117
272 3.6519065
273 3.652301
273 3.644348
273 3.6543128
273 3.6456964
273 3.6464648
273 3.638596
274 3.6481228
274 3.6402202
273 3.649504
273 3.642156
273 3.6599953
273 3.6525939
273 3.6438615
273 3.6449418
273 3.6369426
273 3.646252
273 3.6384459
274 3.6388886
274 3.6311967
272 3.6674924
272 3.6589732
268 3.7211976
268 3.7124302
267 3.7390475
267 3.7308588
265 3.758067
265 3.7500646
266 3.74986
266 3.742232
266 3.7513168
266 3.7430139
266 3.7520573
266 3.7441711
266 3.7363179
267 3.7372565
267 3.7290714
267 3.7292967
267 3.7218232
268 3.7221262
268 3.7143552
268 3.7232263
268 3.7155788
268 3.724317
268 3.7171938
268 3.7261102
268 3.7181184
268 3.7183938
268 3.710667
269 3.7120256
269 3.7036731
269 3.704584
269 3.6970994
270 3.697446
270 3.6902475
270 3.6820886
270 3.6833308
270 3.6756074
271 3.676233
271 3.6687038
270 3.6858497
270 3.6781535
271 3.6787984
271 3.6714714
271 3.68011
271 3.673014
271 3.681323
271 3.6741076
270 3.6983945
270 3.691466
269 3.7075896
269 3.700263
270 3.7011135
270 3.693509
270 3.6944847
270 3.6872697
271 3.6867292
271 3.6806476
271 3.6731586
271 3.6743898
271 3.667028
272 3.6674438
272 3.6604068
271 3.6764138
271 3.6692457
272 3.6704698
272 3.6632836
272 3.663479
272 3.657171
272 3.6651483
272 3.6579995
272 3.666222
272 3.6591818
269 3.7050734
269 3.698431
270 3.6978302
270 3.692363
270 3.6849241
270 3.6929057
270 3.6860995
270 3.6943796
270 3.6872387
270 3.6877918
270 3.680909
270 3.6966662
270 3.6894653
270 3.6904173
270 3.6834986
271 3.6841874
271 3.6770902
271 3.6780028
271 3.6710773
271 3.6789079
271 3.6721666
271 3.6657689
272 3.6661882
272 3.6595862
270 3.6890779
270 3.682352
270 3.6901696
270 3.6834662
271 3.684271
271 3.6776807
270 3.7000794
270 3.6932466
269 3.7148001
269 3.7081237
269 3.7160747
269 3.7091568
269 3.7078104
269 3.7034686
269 3.6966624
270 3.6971695
270 3.691021
270 3.691226
270 3.6851342
270 3.692097
270 3.6931481
270 3.6865206
270 3.6869366
270 3.681186
270 3.6881218
270 3.6817274
270 3.696348
270 3.6897318
269 3.7039838
269 3.697555
269 3.7123032
269 3.7057297
269 3.713285
269 3.7066562
268 3.7278657
267 3.7348146
267 3.7354414
267 3.729121
268 3.7287974
267 3.7367039
267 3.7301373
267 3.7373881
267 3.7310178
267 3.731543
267 3.725329
267 3.7391164
267 3.7328854
267 3.7398603
267 3.7341943
266 3.7477033
266 3.7412512
266 3.748215
266 3.7425494
266 3.736236
267 3.735638
267 3.7302406
267 3.730658
267 3.7246506
268 3.7250519
268 3.7189033
268 3.719579
268 3.7138212
269 3.7138758
269 3.707833
269 3.7082098
269 3.7027705
269 3.702772
269 3.6967626
270 3.6975114
270 3.6912923
270 3.6923077
270 3.685881
270 3.6805582
270 3.686977
270 3.6810129
270 3.6882067
270 3.6821654
271 3.6825993
271 3.67668
271 3.6777017
271 3.671762
272 3.6720245
272 3.6661825
272 3.6732156
272 3.6675045
272 3.6740086
272 3.668521
271 3.6813335
271 3.6756
271 3.6760588
271 3.670397
272 3.6708624
272 3.6651583
272 3.6597655
271 3.6723635
271 3.6669092
271 3.6799772
271 3.6741216
271 3.6865964
271 3.6814928
270 3.6999435
270 3.694431
270 3.694739
270 3.689026
270 3.6897676
270 3.683923
270 3.7025592
270 3.6972268
270 3.6973937
270 3.6921072
270 3.692326
270 3.687218
270 3.6812174
270 3.6942196
270 3.688181
269 3.7005374
269 3.6955223
269 3.701452
269 3.6962304
269 3.708348
269 3.7028685
269 3.709212
269 3.703682
269 3.7102683
269 3.7045557
269 3.705231
269 3.7000654
270 3.6999624
270 3.6949928
270 3.6952882
270 3.6896918
270 3.69036
270 3.6849594
270 3.6968467
270 3.6915169
270 3.6919005
270 3.6865933
271 3.6868973
271 3.6818683
271 3.6764069
271 3.6825938
271 3.6773381
271 3.6834636
271 3.6783695
271 3.684666
271 3.6792052
271 3.6798527
271 3.674289
271 3.6809535
271 3.6752367
271 3.6759694
271 3.6704638
271 3.682511
271 3.6771777
270 3.694477
270 3.6895373
270 3.701054
270 3.6958492
270 3.6962762
270 3.6910512
270 3.6912978
270 3.697654
270 3.6925726
270 3.6928158
270 3.6875908
270 3.699377
270 3.6943007
269 3.7055733
269 3.7004826
269 3.7007942
269 3.6961532
270 3.696348
270 3.6910331
270 3.6971626
270 3.692105
270 3.6923044
270 3.6874893
271 3.6876345
271 3.6830804
269 3.7103524
269 3.7055202
269 3.7056787
269 3.701087
269 3.712005
268 3.7179356
268 3.7181563
267 3.729508
267 3.7245357
268 3.724726
268 3.7196133
267 3.7312431
267 3.7258344
267 3.7315633
267 3.7264686
267 3.7326603
267 3.7272985
268 3.7275827
268 3.7228377
268 3.7229488
268 3.7184794
268 3.7184384
268 3.7134745
269 3.7143054
269 3.7089286
269 3.7097824
269 3.704465
269 3.7047951
269 3.7003553
269 3.6953247
270 3.6957436
270 3.6907516
270 3.6911752
270 3.68628
270 3.6921537
270 3.6871352
270 3.687561
270 3.6827724
270 3.6884096
270 3.6835752
270 3.694371
270 3.6895983
270 3.7002442
270 3.695724
270 3.69583
270 3.6914976
270 3.6917799
270 3.6870284
271 3.68724
271 3.6826386
271 3.6827052
271 3.67844
271 3.6734924
271 3.6741133
271 3.6692584
272 3.6696968
272 3.6650646
272 3.6603703
272 3.656002
272 3.6511462
272 3.64669
273 3.6524115
273 3.6474867
273 3.6580892
272 3.6587753
273 3.658781
273 3.6543853
273 3.6495986
273 3.6505098
273 3.6457398
273 3.6509438
273 3.6464214
273 3.6468968
273 3.6422822
274 3.6431408
274 3.6382358
274 3.6388626
274 3.6344244
274 3.6445773
274 3.6400175
274 3.640711
274 3.6360419
274 3.6364172
274 3.6323528
275 3.6324651
275 3.628078
275 3.6285143
275 3.6240544
275 3.624636
275 3.6204731
275 3.6253896
275 3.6213944
275 3.6166189
274 3.6364868
274 3.6321077
274 3.6324642
274 3.6283104
275 3.6285658
275 3.6243744
275 3.624704
275 3.6203005
275 3.6254995
275 3.621557
275 3.6216977
275 3.6173882
275 3.6320941
275 3.628198
275 3.6281912
275 3.6242912
275 3.6290917
275 3.629945
275 3.6297984
274 3.6354685
274 3.6312056
274 3.6407595
274 3.6364665
274 3.646265
274 3.6421301
274 3.642756
274 3.638361
274 3.6385632
274 3.6346943
274 3.6347988
274 3.6305528
275 3.6311193
275 3.6267521
274 3.6366346
274 3.632254
275 3.6327147
275 3.628467
275 3.6287968
272 3.666497
272 3.6664586
272 3.6674194
272 3.6630714
272 3.6632905
272 3.6591933
272 3.6687632
272 3.6647363
272 3.6650367
272 3.6606038
272 3.6610088
272 3.6568253
272 3.6617827
272 3.6575744
273 3.658131
273 3.6539695
272 3.6679983
272 3.663802
272 3.6689675
272 3.6646132
272 3.6648102
272 3.6653545
272 3.661102
272 3.6616492
272 3.6572952
273 3.657911
273 3.653604
271 3.6764212
271 3.6724482
271 3.677541
271 3.673082
272 3.6734803
272 3.669315
272 3.669733
272 3.6657445
272 3.6661003
272 3.6621897
272 3.6670365
272 3.6626139
272 3.6675792
272 3.663587
272 3.663797
272 3.6599472
273 3.6599026
273 3.6563714
273 3.6522367
273 3.6524103
273 3.6486096
273 3.6488187
273 3.6448545
273 3.649619
273 3.6457741
274 3.6459858
274 3.642042
274 3.6468682
274 3.6431537
274 3.6433673
274 3.6393483
274 3.6397395
274 3.6358438
274 3.640409
274 3.6365995
274 3.636882
274 3.6330373
275 3.633605
275 3.629553
275 3.6296391
275 3.626006
275 3.6222866
275 3.6269164
275 3.6227849
275 3.623545
275 3.6193795
275 3.6283386
275 3.624579
275 3.6248705
275 3.6209838
275 3.6214018
275 3.6175733
276 3.6179326
276 3.61407
276 3.6147077
276 3.6107187
276 3.6153686
276 3.6115704
276 3.6119492
276 3.6081324
276 3.6127653
276 3.608895
276 3.609684
276 3.6055977
276 3.6143417
276 3.610924
276 3.6068492
276 3.6156852
276 3.6119604
275 3.624683
275 3.6211376
275 3.6255383
275 3.621759
274 3.6345382
274 3.6309526
274 3.6352797
274 3.631806
274 3.6404958
274 3.6364238
274 3.641117
274 3.6372025
274 3.6375756
274 3.6340017
275 3.6342432
275 3.6304564
274 3.639225
274 3.635381
274 3.6439035
274 3.640271
274 3.6405935
274 3.63709
274 3.6330905
274 3.641468
274 3.63796
274 3.642403
274 3.63865
274 3.639031
274 3.6353478
274 3.6397166
274 3.6362169
274 3.6364517
274 3.6328008
275 3.6331706
275 3.6294866
275 3.6298296
275 3.6265352
275 3.634657
275 3.6310005
275 3.6353154
275 3.631971
275 3.6283863
275 3.632256
275 3.6291127
273 3.6490824
273 3.645626
273 3.6499398
273 3.6463299
274 3.6465359
274 3.6429079
271 3.683008
271 3.6793652
271 3.6795948
271 3.675977
270 3.69992
270 3.6964207
270 3.6965883
270 3.6929684
270 3.6932411
270 3.6895733
269 3.7058678
269 3.7021077
269 3.7062113
269 3.702502
270 3.703096
269 3.707187
269 3.7071834
269 3.7038338
269 3.700274
268 3.7159407
268 3.7123764
269 3.7125688
269 3.7093024
269 3.7131395
269 3.7098358
269 3.7101305
269 3.7064638
269 3.7103746
269 3.707129
269 3.711018
269 3.7075782
268 3.7192004
268 3.715931
269 3.715961
269 3.7125442
269 3.7162771
269 3.7131789
269 3.7095048
268 3.7175572
268 3.7137585
268 3.721593
268 3.718392
267 3.729797
267 3.7263541
267 3.7303097
267 3.7267883
267 3.7347496
267 3.7310607
267 3.7312727
267 3.7279327
268 3.7280486
268 3.7245073
268 3.7249067
268 3.721305
268 3.7215526
268 3.7180443
268 3.7182813
268 3.7149918
269 3.7152305
269 3.7116582
269 3.7118027
269 3.7086973
269 3.7048645
268 3.7165434
268 3.7129035
269 3.7134745
269 3.709913
269 3.713786
269 3.7103412
Start time: 17/12/2018 02:22:47.714
End time: 17/12/2018 02:27:17.309
Duration: 269595 milliseconds (269.595 seconds)
Average latency: 269 milliseconds
Reads average latency: 21 milliseconds
Writes average latency: 524 milliseconds
Average throughput: 3.7092676 operations per second
Number of requests: 1000
Number of reads: 507
Number of writes: 493
Number of timeouts: 0
Percentage of writes: 50%
Number of replicas: 12
