0 3.8759692
0 1.9723865
0 1.3054831
0 0.98328424
0 0.78740156
0 0.6626905
0 0.5668934
0 0.4952947
0 0.44247788
0 0.3987241
0 0.35701534
0 0.33344448
1510 0.6136852
1151 0.85082245
1151 0.7949126
1151 0.729927
699 1.4084506
699 1.3345196
682 1.4565126
682 1.394978
682 1.3287776
545 1.8119224
545 1.7367141
545 1.6625104
472 2.0511203
472 1.9756839
418 2.3703704
418 2.2834308
424 2.3345234
424 2.2672713
424 2.1887472
422 2.3658323
385 2.547307
385 2.4662359
396 2.5079799
396 2.446075
403 2.4771137
403 2.419779
403 2.355592
411 2.3949707
411 2.342606
411 2.2776883
410 2.410979
410 2.3554993
397 2.4743726
397 2.4309776
379 2.6306856
379 2.5794642
379 2.5293734
387 2.5567274
387 2.5039124
391 2.537876
391 2.4896266
365 2.7374964
346 2.8353326
353 2.8232636
338 2.9444757
338 2.8945553
336 2.9727721
336 2.9343114
336 2.8841112
340 2.9000452
340 2.8546054
345 2.8717694
345 2.8297243
349 2.8438313
349 2.8051329
353 2.8208745
353 2.781641
357 2.7956865
337 2.9280927
337 2.8784943
343 2.9022014
343 2.8656392
339 2.9311447
339 2.8935187
332 3.005337
332 2.9735966
332 2.9361143
336 2.9448466
336 2.9115672
324 3.071822
324 3.033513
327 3.0454438
323 3.0582478
320 3.1155546
320 3.0798934
320 3.0432413
321 3.099452
321 3.0670757
325 3.0709834
325 3.0425522
325 3.007002
324 3.063178
324 3.030558
322 3.0814075
322 3.0490317
322 3.0952187
322 3.0695908
322 3.039149
326 3.0475738
326 3.0178328
330 3.0270102
322 3.0762131
322 3.0403223
317 3.1277084
317 3.1011808
320 3.1091535
320 3.081664
320 3.0522146
307 3.24336
307 3.2121062
309 3.2197573
309 3.1921985
311 3.1965532
311 3.1729608
314 3.176338
311 3.185577
311 3.1578593
313 3.1650841
313 3.1384208
313 3.179494
313 3.1540613
313 3.1273172
313 3.1032057
320 3.1096303
320 3.084671
320 3.0614474
306 3.2512774
306 3.2298748
305 3.2653806
305 3.2406564
307 3.247339
307 3.2233033
306 3.2578113
298 3.3215754
298 3.2988846
298 3.3276427
298 3.308115
300 3.3127713
300 3.2893806
302 3.2944753
302 3.2710803
304 3.2764127
304 3.2548132
304 3.2309294
304 3.2658393
304 3.241929
306 3.2469275
306 3.2250326
308 3.2301621
308 3.2101038
310 3.2072175
305 3.2721324
305 3.2511933
306 3.2551584
306 3.2344327
308 3.2378013
308 3.220612
308 3.2450511
308 3.229894
308 3.2094011
310 3.213541
310 3.1948102
311 3.1989143
311 3.180263
313 3.1833415
313 3.1662142
313 3.1467373
311 3.1995482
311 3.18084
310 3.2081087
310 3.190014
302 3.3098884
302 3.2899997
303 3.2941067
301 3.2991366
301 3.2791305
301 3.3066714
301 3.2875009
302 3.2920902
302 3.2740777
304 3.2736082
304 3.2603734
304 3.2428224
305 3.2678332
305 3.2502246
304 3.2754111
304 3.2582939
306 3.261853
306 3.245122
306 3.228225
308 3.2326248
308 3.215368
307 3.2399623
307 3.2234373
309 3.2280986
309 3.2118616
310 3.214982
310 3.1994243
312 3.2029603
303 3.2868032
303 3.289668
298 3.3329413
298 3.3159733
299 3.320066
299 3.3034542
299 3.325836
299 3.310688
299 3.3321273
299 3.3172212
299 3.338678
299 3.322883
298 3.3441691
298 3.3299847
299 3.332161
298 3.3361595
298 3.3198826
299 3.3220773
299 3.3082488
296 3.3652976
296 3.3508685
297 3.3530571
297 3.3387492
296 3.3751378
296 3.3623557
296 3.347074
290 3.4375713
290 3.422684
291 3.4250743
287 3.4622443
288 3.464681
288 3.4502292
288 3.4350166
289 3.4380052
289 3.4228008
289 3.441934
289 3.428053
290 3.4301586
290 3.415528
291 3.41886
291 3.4045649
291 3.4230232
291 3.4092772
292 3.4119663
292 3.3981528
293 3.3998187
293 3.386332
293 3.3724647
291 3.4236712
291 3.4093804
287 3.4752529
287 3.461575
288 3.464185
288 3.4501686
288 3.4680455
288 3.4550378
288 3.4411135
289 3.4436965
290 3.4444582
289 3.4484344
289 3.4342756
290 3.436008
290 3.4235163
288 3.455665
288 3.4426255
289 3.4447124
289 3.4321187
289 3.4494548
288 3.4514427
288 3.438201
289 3.4403164
289 3.427768
286 3.4880838
286 3.4761615
284 3.5063825
284 3.4944336
284 3.5105894
284 3.497506
285 3.4971025
285 3.4867504
285 3.474783
286 3.4700184
286 3.4628866
283 3.5225105
283 3.5096061
281 3.5530167
281 3.541273
281 3.556355
281 3.543899
281 3.5458555
279 3.5619364
279 3.5488582
280 3.5507307
280 3.5380716
281 3.5401576
281 3.527812
280 3.556331
280 3.5443919
281 3.5460048
281 3.5342262
279 3.5754013
279 3.5636978
280 3.5653672
280 3.5536323
281 3.5552769
279 3.5695674
279 3.5578408
277 3.5988917
277 3.5863564
277 3.5875478
277 3.576602
278 3.577589
278 3.5666518
276 3.6056623
276 3.5941634
277 3.5955794
277 3.5840943
277 3.597934
277 3.587276
277 3.5757003
278 3.5774622
278 3.5657246
278 3.578745
278 3.569055
279 3.5699828
279 3.55898
280 3.5602376
280 3.5494616
281 3.5507405
281 3.5405717
280 3.5655348
280 3.5552564
281 3.5560772
281 3.545972
281 3.5579565
281 3.548709
281 3.5377498
281 3.5391133
281 3.529121
283 3.5300465
283 3.5198092
283 3.521291
283 3.5108116
284 3.5126767
284 3.5025256
284 3.4924731
284 3.5055459
284 3.4951413
285 3.4964635
285 3.4864645
285 3.4994433
285 3.489808
285 3.4908154
285 3.4811802
286 3.4825983
286 3.472728
287 3.4743168
287 3.4644864
288 3.4661274
288 3.4562979
289 3.4582958
289 3.44839
289 3.4500566
288 3.4515252
288 3.4420588
289 3.4439166
289 3.434148
288 3.45747
288 3.4479406
287 3.471062
287 3.4618073
288 3.4631386
288 3.4539914
288 3.4553735
288 3.4461122
287 3.468907
287 3.4601345
288 3.4611206
288 3.4520502
289 3.4535244
289 3.4445212
290 3.4458995
290 3.4369273
290 3.4383895
290 3.4297318
291 3.430319
290 3.4327419
290 3.423531
290 3.435369
290 3.4265492
291 3.4279768
291 3.4193254
291 3.4207642
291 3.412209
292 3.4135208
292 3.4049926
293 3.4065216
293 3.3980193
293 3.4094546
293 3.4008179
293 3.4026465
293 3.3944063
294 3.395401
294 3.3874872
295 3.3886952
294 3.3903968
294 3.38169
294 3.3836977
294 3.3750172
292 3.4153936
292 3.4075353
288 3.4571583
288 3.4487755
287 3.4788811
287 3.4705532
287 3.4718227
287 3.4635847
288 3.4649308
288 3.4565175
287 3.4772696
287 3.46903
287 3.479379
287 3.4711416
287 3.4724183
287 3.4643333
288 3.4655876
288 3.4577825
289 3.4587238
289 3.4508739
289 3.4428678
289 3.4443169
289 3.4359818
290 3.4371862
290 3.4294121
291 3.4306576
291 3.4232156
291 3.4241571
291 3.4163895
292 3.4175606
292 3.4101524
292 3.4111164
292 3.4041247
291 3.431876
291 3.424319
290 3.4434211
290 3.4358113
290 3.428143
290 3.4385996
290 3.4305015
287 3.4676955
287 3.4597483
288 3.4610934
288 3.4532273
283 3.524779
283 3.5169885
283 3.52692
283 3.519374
283 3.520237
283 3.512616
284 3.5136425
284 3.505947
284 3.5156522
284 3.5084696
284 3.5177953
284 3.5103078
284 3.511326
284 3.504004
284 3.4963841
285 3.4973366
285 3.489942
285 3.4994662
285 3.492128
285 3.4931698
285 3.4858754
286 3.4871018
286 3.4798503
286 3.4807055
286 3.473382
287 3.4745078
287 3.4672277
287 3.4769475
287 3.469491
287 3.478879
287 3.4716783
287 3.4728508
287 3.4656353
288 3.4667585
288 3.4600096
288 3.452554
288 3.45395
288 3.4466782
289 3.4478843
289 3.4411004
287 3.4743545
287 3.467518
287 3.4764414
287 3.4694893
287 3.4705524
287 3.463612
288 3.4645443
288 3.4580297
287 3.4750385
287 3.4677312
286 3.4926267
286 3.4857526
286 3.486657
286 3.4800682
286 3.489085
286 3.4821892
287 3.4829843
287 3.476454
287 3.4694066
287 3.4703581
287 3.4636204
287 3.4723835
287 3.4657216
286 3.4820876
286 3.475701
286 3.48424
286 3.4774733
287 3.4784472
287 3.471771
287 3.4730968
287 3.466244
285 3.4979925
285 3.4909577
285 3.499841
285 3.4929876
286 3.494155
286 3.4873385
286 3.4869652
286 3.4820719
286 3.4751346
287 3.4765055
287 3.4697866
287 3.4710326
287 3.4646065
287 3.480132
287 3.4736366
286 3.4819508
286 3.4758863
287 3.4764674
287 3.4704096
286 3.4858801
286 3.4794455
286 3.4877088
286 3.4814215
287 3.4821377
287 3.4765153
287 3.4697015
285 3.4996448
285 3.4934435
283 3.5229826
283 3.5167115
283 3.5174794
283 3.5115185
284 3.5120666
284 3.5058095
284 3.506817
284 3.5006917
285 3.5014303
285 3.4954107
285 3.5034468
285 3.4971967
285 3.5026023
285 3.4987478
285 3.492564
285 3.4934556
285 3.4873521
286 3.4882252
286 3.482055
286 3.4892807
283 3.526034
283 3.5196817
282 3.534305
282 3.5282536
280 3.5635455
280 3.55776
280 3.565173
280 3.5588903
280 3.560015
280 3.5536165
281 3.554356
281 3.5483055
281 3.5490518
281 3.5429826
282 3.5437837
282 3.5377438
282 3.5384314
282 3.5328038
282 3.5266933
283 3.5274677
283 3.52153
281 3.5491025
281 3.5434816
281 3.5507796
281 3.5448422
281 3.54546
281 3.5398114
282 3.5403411
282 3.5344608
282 3.5353034
282 3.529474
282 3.5365355
280 3.5641916
280 3.5580153
277 3.5985184
277 3.592421
277 3.593089
277 3.5871153
278 3.5881414
278 3.5819845
278 3.5826416
278 3.5768404
279 3.5774808
279 3.57166
278 3.5920937
278 3.5860589
278 3.5867727
278 3.5809512
278 3.5880551
278 3.5825267
279 3.5829656
279 3.5774627
279 3.5715427
279 3.5721118
279 3.5667427
279 3.5672498
279 3.5614977
279 3.5686214
279 3.5631332
279 3.5762124
279 3.570775
279 3.571316
279 3.5656564
279 3.572617
279 3.5670626
280 3.5677176
280 3.5621436
280 3.5691109
280 3.563552
280 3.5644302
280 3.5586965
280 3.559072
280 3.5540476
280 3.5483572
280 3.5613766
280 3.5558457
280 3.556529
280 3.55111
280 3.5578892
280 3.5524848
280 3.559241
280 3.5538511
281 3.5547261
281 3.5491
281 3.555885
281 3.5505114
281 3.5511494
281 3.5457988
281 3.5464208
281 3.5411363
281 3.5357184
281 3.548979
281 3.543182
280 3.5619197
280 3.5565667
280 3.5571446
280 3.5518785
280 3.5585067
280 3.5534656
281 3.5539389
281 3.5486877
280 3.5611858
280 3.5558553
280 3.5565321
280 3.5512872
280 3.5578382
280 3.5526485
279 3.5710511
279 3.5656059
280 3.5663252
280 3.561008
280 3.5674875
278 3.5799663
279 3.5800774
279 3.5751865
279 3.570309
278 3.5881145
278 3.5828807
278 3.5892632
278 3.5841258
278 3.5849319
278 3.5794647
278 3.585877
278 3.5806713
278 3.5813951
278 3.5761695
279 3.5768566
279 3.5716934
279 3.5780418
279 3.572912
279 3.5735793
279 3.5684297
279 3.580412
279 3.57551
279 3.5759277
279 3.5709448
279 3.5714686
279 3.566426
280 3.567055
278 3.5847723
278 3.579551
276 3.6187708
276 3.6144445
276 3.6146796
276 3.6099072
276 3.6102488
276 3.605175
277 3.6060226
277 3.6007488
277 3.606853
277 3.6018915
277 3.6026592
277 3.5974789
277 3.598013
277 3.5930905
278 3.5936487
278 3.5887263
278 3.5947015
278 3.58985
278 3.59039
278 3.5855184
278 3.586063
278 3.5811908
278 3.5872443
278 3.5821123
278 3.577459
279 3.5778368
279 3.5732791
279 3.5791287
279 3.5745819
279 3.5749996
279 3.5701246
279 3.5760815
279 3.5712755
279 3.571906
279 3.567042
280 3.5678668
280 3.5629451
280 3.5634885
280 3.5587943
280 3.5701969
280 3.5654497
280 3.5658355
280 3.5612762
280 3.5617044
279 3.5675516
279 3.5628767
280 3.5631702
280 3.558943
280 3.5593343
280 3.5546947
280 3.5604308
280 3.5560057
280 3.5564547
280 3.551824
281 3.552407
281 3.5478861
281 3.5483987
281 3.543968
281 3.5443928
281 3.5399053
281 3.5506744
281 3.5461357
281 3.5466468
281 3.5420885
281 3.5477743
281 3.543517
282 3.543793
282 3.5397143
282 3.5348322
282 3.540184
282 3.5361795
282 3.5366075
282 3.5321321
282 3.5327437
282 3.5282667
282 3.5237474
282 3.5194352
282 3.5148673
282 3.5104
284 3.5112464
284 3.5065477
284 3.5025654
284 3.507909
284 3.5036714
285 3.5040996
285 3.499755
284 3.5053904
284 3.501177
284 3.5065873
284 3.5022435
284 3.507726
284 3.5036004
285 3.504059
285 3.4997056
285 3.5003064
285 3.4960372
285 3.4965897
285 3.4925077
286 3.4930115
286 3.4888918
286 3.4893308
286 3.4850037
286 3.4905636
286 3.4864504
286 3.486958
286 3.482859
286 3.4881737
286 3.4889662
286 3.4893498
286 3.4853523
286 3.4808745
286 3.4913733
286 3.4871686
286 3.4876363
286 3.4834464
286 3.4840856
286 3.4798763
286 3.4901664
286 3.4861276
285 3.5008967
285 3.4968886
285 3.4973733
285 3.4931118
285 3.5033123
285 3.4991872
285 3.4996998
285 3.495589
286 3.495972
286 3.4920573
286 3.4878707
286 3.4884436
286 3.4845347
286 3.4850116
286 3.4808693
286 3.4861755
286 3.4822218
286 3.4826665
286 3.4786444
287 3.479223
287 3.4751656
287 3.4804087
287 3.476343
287 3.4770029
287 3.4728858
287 3.473548
287 3.4695413
287 3.4747224
287 3.4709332
287 3.4667506
287 3.4765942
287 3.4726074
287 3.4731522
287 3.4692106
287 3.4697263
287 3.4659572
287 3.470977
287 3.4669924
288 3.4675877
288 3.463838
288 3.4688535
288 3.4649053
288 3.4655318
288 3.4615333
288 3.462162
288 3.4583497
288 3.4633687
288 3.4594066
288 3.4600976
288 3.4563203
288 3.4522543
288 3.461881
288 3.457849
288 3.458616
288 3.4546747
289 3.4553502
289 3.4514527
289 3.4520528
289 3.448152
289 3.4488318
289 3.444882
289 3.450156
289 3.446167
289 3.451182
289 3.4475694
289 3.4479997
289 3.4441535
289 3.4582875
289 3.4542851
289 3.454874
289 3.4512815
289 3.4517353
289 3.4479258
289 3.448002
289 3.4448276
289 3.440932
290 3.4415162
290 3.4377687
290 3.4383702
290 3.4346347
290 3.4353132
290 3.4315588
291 3.4322546
291 3.4282873
291 3.4333417
291 3.4296658
291 3.4303005
291 3.426621
291 3.4270792
291 3.423411
290 3.4413497
290 3.4376
290 3.4425118
289 3.4517276
289 3.4480677
288 3.4660032
288 3.462053
288 3.4672694
288 3.463237
288 3.4681883
288 3.464564
288 3.4650033
288 3.4613314
288 3.461995
288 3.4581861
288 3.4629786
288 3.4593682
288 3.4641933
288 3.4604428
288 3.4612203
288 3.4573781
289 3.4579961
289 3.454414
289 3.4548442
289 3.4512002
289 3.452011
289 3.4482903
289 3.4488704
289 3.4452767
289 3.4499402
289 3.4463384
289 3.4427445
290 3.4434571
290 3.4396574
290 3.4402425
290 3.4366984
290 3.4414372
290 3.4378135
290 3.4385693
290 3.4348276
290 3.4356134
290 3.431911
291 3.4324563
291 3.4288785
290 3.4379313
290 3.4342415
290 3.4389765
290 3.4355059
290 3.4401877
290 3.4366522
290 3.437287
290 3.4336066
291 3.434215
291 3.4308126
291 3.43124
291 3.4278758
291 3.4282496
291 3.429056
291 3.425397
290 3.4335742
290 3.4306154
290 3.4354353
290 3.43184
290 3.4364817
290 3.4329898
291 3.4335353
291 3.4300811
291 3.4306839
291 3.4272258
290 3.4358723
290 3.4325404
291 3.4329312
291 3.4295123
291 3.4300845
291 3.4267163
291 3.4232178
291 3.4317393
291 3.4285028
291 3.428909
291 3.4254906
290 3.434181
290 3.430627
290 3.4351554
290 3.431758
289 3.4482074
289 3.4447765
288 3.465127
288 3.4616861
286 3.4858904
286 3.4826283
286 3.4948897
286 3.4915707
286 3.4919333
286 3.4884317
286 3.4890025
286 3.4855378
286 3.4899497
286 3.486559
286 3.4948614
286 3.4914453
286 3.491928
285 3.4965172
285 3.4965174
285 3.5013785
285 3.4978638
285 3.498338
285 3.4948876
285 3.4953911
285 3.492018
286 3.4925096
286 3.489105
285 3.4974902
285 3.4940195
286 3.4944534
286 3.4911008
286 3.491698
286 3.4882736
286 3.492581
286 3.489363
286 3.489585
286 3.4864697
286 3.4868546
286 3.4836545
286 3.4801013
285 3.4999197
285 3.4964767
285 3.504535
285 3.5012271
285 3.5055835
285 3.5021615
283 3.521648
283 3.5183902
283 3.5225403
283 3.5191412
283 3.531124
283 3.5276563
283 3.5281155
283 3.5248966
283 3.5252113
283 3.5219216
283 3.522437
283 3.519196
284 3.5194752
284 3.5162826
284 3.5166562
284 3.5133142
284 3.5101886
284 3.5105278
284 3.5072403
284 3.5077126
284 3.5044205
284 3.5086021
284 3.5053806
285 3.505853
285 3.502549
284 3.5067687
284 3.5036387
285 3.5039425
285 3.5006654
285 3.504988
285 3.5016253
285 3.5058098
285 3.502556
285 3.5066805
285 3.5034447
285 3.503939
285 3.5006733
285 3.4976702
285 3.4979508
285 3.4947505
285 3.50255
285 3.4994664
285 3.5031
285 3.5005326
285 3.504375
285 3.501301
285 3.5015888
285 3.4984088
285 3.4987495
285 3.4958568
285 3.4925637
285 3.5002499
285 3.4970725
285 3.497527
285 3.4943705
285 3.4947886
285 3.4917786
286 3.4921606
286 3.48902
286 3.489492
286 3.4863222
285 3.4975193
285 3.4945362
285 3.498419
285 3.495315
285 3.4921918
285 3.4890614
286 3.4895668
286 3.4865687
286 3.4904015
286 3.4874578
286 3.4874172
285 3.4954476
285 3.4924083
286 3.4926972
286 3.4896407
285 3.4971716
285 3.4940674
284 3.5086231
284 3.5055392
284 3.5130293
284 3.509959
284 3.5103657
284 3.5072784
284 3.5078225
284 3.5047548
285 3.5051033
285 3.5019948
285 3.5024061
285 3.4993787
Start time: 17/12/2018 02:22:47.697
End time: 17/12/2018 02:27:33.683
Duration: 285986 milliseconds (285.986 seconds)
Average latency: 285 milliseconds
Reads average latency: 16 milliseconds
Writes average latency: 530 milliseconds
Average throughput: 3.4966748 operations per second
Number of requests: 1000
Number of reads: 476
Number of writes: 524
Number of timeouts: 0
Percentage of writes: 50%
Number of replicas: 12
