0 3.7878788
0 1.9880714
0 1.3140604
0 0.9871668
0 0.7942812
0 0.65789473
0 0.56497175
0 0.4985045
0 0.44483986
0 0.39856514
0 0.35893753
0 0.33322227
1017 0.923361
874 1.1392766
509 1.856764
509 1.7089843
515 1.8827959
515 1.7683465
528 1.8785223
528 1.7949741
528 1.7097265
392 2.5412962
392 2.4313998
403 2.4610338
380 2.5587718
380 2.4367957
370 2.6666667
370 2.566296
378 2.614559
348 2.800747
348 2.6806228
360 2.689158
360 2.6663435
360 2.5848901
372 2.622876
372 2.5521526
386 2.5889966
358 2.736554
358 2.6639345
366 2.6543453
366 2.6308098
366 2.5658083
379 2.5974026
379 2.539913
370 2.652051
370 2.6055238
356 2.803738
337 2.910603
337 2.8566766
343 2.8797696
343 2.819328
349 2.8413453
349 2.789926
354 2.812315
347 2.8361573
352 2.8250582
337 2.9444757
337 2.8967516
335 2.9757879
328 2.9996002
328 2.9450262
332 2.967359
332 2.9187818
330 2.9973774
330 2.9536645
329 3.028101
329 2.9850745
326 3.054332
326 3.014318
330 3.0264962
330 2.9852428
330 2.936288
319 3.121748
319 3.077089
320 3.0934982
320 3.050384
325 3.0595312
325 3.025486
325 2.9844708
330 2.9985008
330 2.9616466
333 2.9728546
333 2.9363627
337 2.9522405
333 2.9642873
335 2.9763288
335 2.942664
335 2.907505
340 2.9197738
340 2.8869643
339 2.9413056
339 2.911398
339 2.8799863
342 2.893494
342 2.862676
345 2.875
345 2.843016
344 2.8933535
344 2.867644
344 2.8379567
344 2.8885725
344 2.8616228
347 2.8716676
343 2.8832848
343 2.8519278
346 2.8631706
346 2.8412278
349 2.8493192
349 2.825377
349 2.796847
353 2.8109121
353 2.7838254
355 2.7955694
355 2.7695975
358 2.7809644
358 2.7584305
361 2.767906
356 2.7792842
356 2.756117
359 2.7657447
359 2.7420795
357 2.7851503
357 2.7622514
355 2.8062706
355 2.7836437
357 2.7926755
357 2.770868
357 2.7460525
360 2.759861
360 2.7368615
358 2.7774386
358 2.7573252
360 2.7665844
360 2.7461047
362 2.7546575
362 2.7345703
364 2.7407644
364 2.7245588
364 2.7043357
366 2.7133553
366 2.6941946
365 2.731625
365 2.7122245
366 2.7213905
366 2.7034483
366 2.6827266
369 2.6938043
369 2.6748803
370 2.6836991
370 2.6656716
372 2.6751423
372 2.6578248
375 2.6606846
373 2.6746995
373 2.6572416
373 2.6659832
373 2.6482646
375 2.657017
375 2.641443
374 2.6719272
364 2.7329872
364 2.7145748
366 2.7238595
366 2.7073832
364 2.7379336
364 2.7227604
363 2.753502
363 2.7379649
363 2.7211206
364 2.728192
364 2.7126253
366 2.7200446
366 2.7046397
367 2.7114594
367 2.695972
369 2.7034395
364 2.734525
364 2.7176356
365 2.7260742
365 2.7105691
366 2.7115805
366 2.7027621
360 2.7725625
360 2.7606897
360 2.7458272
361 2.7520964
361 2.73668
363 2.7439218
363 2.7302165
359 2.777836
359 2.7631826
361 2.7682958
355 2.7976954
355 2.7833905
355 2.8095648
355 2.7952337
354 2.8216474
354 2.8075137
352 2.8328612
352 2.819718
353 2.8258145
351 2.8316271
352 2.8374383
352 2.8234189
353 2.8272824
353 2.8154247
353 2.8013911
348 2.8646684
348 2.8516202
344 2.8950174
344 2.881462
343 2.9050574
343 2.8913128
340 2.9339213
338 2.939535
339 2.9431365
339 2.9308755
338 2.9521785
338 2.940693
338 2.926262
338 2.9491587
338 2.9359317
339 2.9411237
339 2.9281008
340 2.9317698
340 2.9201472
340 2.9074378
342 2.9116676
342 2.8995633
343 2.9033885
343 2.8912241
341 2.9305294
339 2.9349673
339 2.9230769
332 2.9957447
332 2.9824443
333 2.9868882
333 2.97434
331 3.011494
331 2.99955
330 3.0196443
330 3.0076182
329 3.028258
329 3.0159485
323 3.0845058
323 3.0731707
323 3.0919158
323 3.080695
324 3.0833962
322 3.087407
322 3.0750113
323 3.0782413
323 3.0666118
323 3.0848167
323 3.0739794
318 3.1401343
318 3.1278691
319 3.1312973
319 3.1190648
320 3.1222603
318 3.1262932
318 3.1136007
319 3.1174438
319 3.1050725
320 3.108777
320 3.0975583
320 3.1154048
320 3.104524
321 3.106975
321 3.0959291
321 3.084006
322 3.0871456
322 3.0764272
322 3.094213
322 3.0836363
320 3.115355
320 3.1046932
321 3.1073325
321 3.0968187
321 3.1120627
321 3.1031587
321 3.0918915
322 3.0898163
322 3.0834646
323 3.0876327
323 3.0763206
324 3.079753
324 3.0686347
325 3.0716865
325 3.0619001
326 3.0652921
323 3.0817273
324 3.0846925
322 3.0883515
322 3.0775905
319 3.1212418
319 3.1105664
316 3.1538966
316 3.1433082
317 3.1462471
317 3.1358376
318 3.1381998
318 3.1287541
315 3.1706355
315 3.1602826
316 3.1622
316 3.1522317
316 3.1549017
313 3.1843836
313 3.173702
310 3.215062
310 3.204101
309 3.2204473
309 3.2092915
310 3.2122498
310 3.2020047
305 3.2677264
305 3.2570834
306 3.2592072
306 3.2499595
307 3.2516882
307 3.2413502
307 3.2312777
307 3.2465928
307 3.2466733
306 3.2516134
306 3.240718
307 3.2433882
307 3.2335708
300 3.3206487
300 3.3111382
300 3.325181
300 3.3147578
301 3.317127
301 3.3073442
301 3.3204799
300 3.3233633
300 3.3135312
300 3.3151257
300 3.305338
302 3.3078015
302 3.2978213
301 3.311567
301 3.30198
301 3.3155575
301 3.3055942
301 3.3194637
301 3.3098884
301 3.3004057
301 3.3027816
301 3.292922
301 3.3068557
301 3.297002
299 3.3328438
299 3.3236065
300 3.3250957
300 3.3160436
298 3.3515809
298 3.342097
297 3.3551826
297 3.345519
297 3.358448
297 3.3490503
298 3.3513167
298 3.3420994
298 3.3544948
297 3.3564727
297 3.347244
295 3.3713102
295 3.361472
295 3.37379
295 3.3652294
296 3.367184
296 3.3578937
294 3.3915658
294 3.382439
293 3.4057994
293 3.3967896
292 3.419092
292 3.4101315
292 3.4221768
292 3.4132907
292 3.4143233
292 3.4058597
293 3.4073675
293 3.3984706
294 3.3998141
294 3.3916478
294 3.382929
294 3.3842683
294 3.3751647
294 3.387686
294 3.3787565
294 3.3904498
294 3.3819702
292 3.4134865
292 3.4047525
293 3.4066243
293 3.3981555
292 3.4095907
292 3.4011908
292 3.422545
292 3.4136465
291 3.425471
291 3.4165077
291 3.4279974
290 3.4298406
290 3.4212666
290 3.4324272
290 3.4235885
291 3.4254906
291 3.4166796
291 3.4189193
291 3.409903
291 3.4215548
291 3.413002
291 3.4240005
291 3.4159083
291 3.4268804
291 3.418787
292 3.4197125
292 3.4119341
292 3.413324
292 3.4052749
293 3.406706
293 3.3987417
293 3.3998315
293 3.391826
293 3.4029143
293 3.395412
293 3.3872194
294 3.3882616
294 3.3803442
292 3.4096982
292 3.4019547
293 3.4032638
293 3.39557
294 3.396919
294 3.3891819
294 3.390755
294 3.3830972
294 3.3933887
294 3.3857293
295 3.3868382
295 3.3795018
295 3.3807716
295 3.3732998
296 3.3746083
296 3.3671234
296 3.3595521
296 3.3702881
296 3.362237
296 3.3636742
296 3.3564732
297 3.3578875
297 3.3504658
297 3.3610797
297 3.3532724
297 3.35512
297 3.3472147
298 3.3492408
298 3.341268
298 3.3433259
298 3.336207
298 3.3455746
298 3.3387692
299 3.3401563
299 3.3333619
299 3.3426847
298 3.3445954
298 3.3371546
298 3.3388982
298 3.331586
298 3.3414338
298 3.3344278
299 3.3358822
299 3.3286102
299 3.3299308
299 3.3232024
298 3.341611
298 3.3344698
299 3.3354352
299 3.3288617
300 3.330248
300 3.323355
300 3.324829
300 3.3176484
300 3.3275142
299 3.328971
300 3.3300958
298 3.3480506
298 3.3406487
298 3.3425279
298 3.3356543
298 3.3454816
298 3.3383327
296 3.371935
296 3.3651915
296 3.3664637
296 3.3594625
297 3.360741
297 3.354555
297 3.3638172
297 3.3566368
297 3.357804
297 3.3515136
297 3.3607345
297 3.3538027
297 3.3634577
297 3.3565469
296 3.3735127
296 3.3669245
296 3.3676069
296 3.3612661
296 3.355001
297 3.3562248
297 3.3497858
297 3.3511183
297 3.3444045
298 3.345639
298 3.339398
298 3.3483255
298 3.342026
298 3.3428736
298 3.3371172
299 3.3381238
299 3.331866
299 3.3329546
299 3.327032
300 3.3280005
300 3.3217585
300 3.3219845
300 3.317073
300 3.3103902
301 3.3116047
301 3.305748
301 3.3144646
301 3.3080583
301 3.3169835
301 3.3107922
299 3.3417368
299 3.3352273
299 3.3367953
299 3.3305392
299 3.3392045
299 3.3327718
298 3.348908
298 3.342846
298 3.3437507
298 3.3378906
298 3.331809
299 3.3333576
299 3.3270888
299 3.3281593
299 3.3224983
300 3.3235257
300 3.317226
300 3.325831
300 3.319882
299 3.3428812
299 3.3366842
297 3.3589287
297 3.353416
297 3.3543482
297 3.3483644
298 3.347576
298 3.3436558
298 3.3377695
298 3.3459394
298 3.3401165
297 3.3552346
297 3.3494394
297 3.3570395
297 3.3519163
297 3.3456447
298 3.3466644
298 3.3414445
298 3.342098
298 3.3363037
299 3.3379543
299 3.331727
299 3.3328524
299 3.327319
300 3.3284707
300 3.3228045
300 3.324164
300 3.31823
300 3.3264625
300 3.3205447
301 3.3218539
301 3.3162334
301 3.3167162
301 3.3117273
301 3.3061523
301 3.3140852
301 3.3084586
301 3.309683
301 3.303928
302 3.3050678
302 3.29956
302 3.3006158
302 3.2956152
303 3.2966084
303 3.291173
303 3.29865
303 3.293664
303 3.288108
303 3.2883704
303 3.2838566
304 3.284772
304 3.2796974
303 3.2873669
303 3.2819402
304 3.283088
304 3.278006
303 3.2918873
303 3.2867653
302 3.3074005
302 3.3018444
302 3.3030128
302 3.297418
302 3.298781
302 3.2934651
301 3.3138263
300 3.3213236
300 3.3159547
301 3.3172784
301 3.3120596
300 3.3193438
300 3.313991
301 3.3153937
301 3.309833
300 3.3235605
300 3.3184235
299 3.3318636
299 3.326563
300 3.327829
300 3.3226547
299 3.3362126
299 3.3310003
299 3.3320854
299 3.3266883
300 3.3276937
300 3.3227956
300 3.3298402
300 3.3248305
300 3.3197124
300 3.320967
300 3.3155844
300 3.3230155
300 3.3177278
301 3.3187332
301 3.3136923
300 3.3208165
300 3.3160102
299 3.341402
299 3.336134
299 3.3371627
299 3.3320992
299 3.3391309
299 3.33412
299 3.3350651
299 3.3300958
299 3.325161
300 3.3262758
300 3.321082
299 3.334133
299 3.3289027
298 3.342022
298 3.3370745
299 3.3380423
299 3.333115
298 3.3519554
298 3.3470023
298 3.3477316
298 3.3431556
297 3.3557444
297 3.3507953
298 3.3517513
298 3.3470786
298 3.3475456
298 3.3430495
298 3.3438745
298 3.3388104
299 3.3399704
299 3.3350825
298 3.3474994
298 3.3428679
299 3.3435884
297 3.3565414
297 3.3512957
296 3.3639286
296 3.3591328
295 3.3771129
295 3.3723707
296 3.3735437
296 3.3684523
296 3.3694537
296 3.3645372
296 3.3657336
296 3.3604527
296 3.3675213
296 3.3622913
296 3.3748083
296 3.3697538
296 3.3765411
296 3.371842
295 3.3839324
295 3.3792171
295 3.37992
295 3.3751667
295 3.3816617
295 3.3768814
296 3.377697
296 3.3731623
296 3.368527
296 3.3692384
296 3.3644714
296 3.3655612
296 3.360943
296 3.3727
296 3.3681598
295 3.3803222
295 3.3754854
294 3.392879
294 3.3882058
294 3.3890285
294 3.3843923
294 3.3907235
294 3.3860972
292 3.4197106
292 3.4150953
292 3.4158747
292 3.4114254
292 3.4120035
292 3.407368
292 3.413562
292 3.408974
293 3.409626
293 3.40535
293 3.4006262
291 3.42283
291 3.4181316
289 3.4462552
289 3.4412596
290 3.4420087
290 3.4373093
289 3.4545455
289 3.4495833
289 3.4502435
289 3.4458518
289 3.4465518
289 3.44203
290 3.44277
290 3.4381738
288 3.4600978
288 3.4554906
288 3.461504
288 3.4571621
288 3.4524136
288 3.4635904
288 3.4592812
288 3.4598086
288 3.4553165
288 3.4610941
288 3.456504
288 3.4626617
288 3.4579551
288 3.4692783
288 3.464575
287 3.4704928
287 3.4659443
287 3.4720426
287 3.4673598
288 3.4679756
288 3.4637392
288 3.4641616
288 3.4601007
288 3.4606872
288 3.456233
289 3.4569468
288 3.4573586
288 3.4533668
288 3.4637377
288 3.4596434
288 3.4654374
288 3.4610517
288 3.4668293
288 3.4622598
288 3.4578252
288 3.4536986
288 3.4491117
288 3.4449017
290 3.4458263
290 3.441371
290 3.4418304
290 3.4379094
290 3.4382174
290 3.4392817
290 3.4348283
290 3.4353795
290 3.4310622
290 3.4369226
290 3.432665
290 3.4332163
290 3.4288719
290 3.4448402
290 3.4403899
290 3.4410644
290 3.4368675
290 3.4375956
290 3.4331086
291 3.4340591
291 3.4296384
291 3.4304729
291 3.426437
290 3.4367964
290 3.4324605
290 3.442904
290 3.4386723
290 3.4445293
289 3.454803
289 3.4554486
288 3.4561262
288 3.4519706
289 3.45245
289 3.4482925
289 3.4488754
289 3.4449317
289 3.4504194
289 3.4462512
289 3.4469829
289 3.4426134
289 3.4483914
289 3.4440968
289 3.4495957
289 3.4453263
289 3.4506953
289 3.4468126
288 3.4662704
288 3.4625447
288 3.462969
288 3.4589107
289 3.4591746
289 3.455556
289 3.451504
289 3.4520214
289 3.4479344
289 3.4485521
289 3.4444628
290 3.4453096
290 3.441153
290 3.441776
290 3.4377782
289 3.4477272
289 3.4438767
290 3.4443972
290 3.4403188
290 3.445851
290 3.4417005
290 3.446866
290 3.4428358
290 3.443577
290 3.4396238
290 3.4356794
289 3.4453454
289 3.4415944
289 3.446687
289 3.4426577
290 3.4436305
290 3.4395032
290 3.4403038
290 3.4364102
290 3.4414742
290 3.4375572
290 3.4380267
290 3.434232
291 3.4348762
291 3.4309688
291 3.4316154
291 3.4276893
291 3.4331067
290 3.433562
291 3.4341872
290 3.4393458
290 3.4353712
290 3.4361472
290 3.4320614
290 3.4329164
290 3.4290287
290 3.4341586
290 3.4302778
290 3.4401052
290 3.435934
290 3.4366412
290 3.433005
290 3.4379277
290 3.4342678
290 3.4347136
290 3.43105
290 3.4361515
290 3.4321747
290 3.4418147
290 3.437901
290 3.4385371
290 3.4345906
290 3.4393659
290 3.4360778
290 3.4321923
291 3.43262
291 3.4290483
290 3.4382799
290 3.43471
290 3.439539
290 3.4359155
290 3.4407325
290 3.4370706
290 3.4378934
290 3.4341974
289 3.4477062
289 3.4438882
290 3.4444911
290 3.4408045
289 3.4500673
289 3.4463077
289 3.4511652
289 3.447636
289 3.4482312
289 3.4443862
289 3.440727
289 3.4455352
289 3.442001
289 3.4468272
289 3.442901
290 3.4438355
290 3.4400387
290 3.4404893
290 3.4369245
290 3.43748
290 3.4340572
289 3.4471033
289 3.4436197
290 3.4440053
290 3.4404883
289 3.449604
289 3.4457974
289 3.4506207
289 3.4469955
289 3.4559784
289 3.4524863
289 3.4530764
289 3.4492176
289 3.458552
288 3.4588294
289 3.4595265
289 3.4560814
289 3.4521816
288 3.4570003
288 3.453439
288 3.4581606
288 3.4546196
289 3.4550428
289 3.451441
289 3.4519527
289 3.4485474
289 3.4532301
289 3.4497736
289 3.4503846
289 3.4466817
289 3.451404
289 3.4476936
289 3.452533
289 3.4488287
289 3.4576926
289 3.4543307
289 3.4588747
289 3.4552777
289 3.4559762
289 3.4524462
289 3.4528923
289 3.449499
289 3.4457057
289 3.450212
289 3.4470284
289 3.4515803
289 3.4482758
289 3.4486952
289 3.4450512
290 3.4457238
290 3.4422574
290 3.4430008
290 3.4392388
289 3.4480119
289 3.444363
290 3.4450321
290 3.441615
290 3.4461317
290 3.4429133
290 3.4431264
290 3.439945
290 3.4365497
290 3.440788
290 3.4375088
289 3.4460366
289 3.4426217
289 3.4550898
289 3.4516728
289 3.4561982
289 3.4527595
288 3.4691284
288 3.465848
288 3.4662936
288 3.462735
288 3.463224
288 3.4600985
288 3.4603574
288 3.4569688
288 3.461404
288 3.458116
289 3.4587827
289 3.4552734
288 3.4675202
288 3.46428
288 3.464722
288 3.4650683
288 3.465522
288 3.4623368
288 3.4590092
288 3.4593737
288 3.456109
288 3.4606776
288 3.4572036
289 3.4577155
289 3.4543717
289 3.4550326
289 3.4516175
288 3.4596472
288 3.4566205
288 3.4609668
288 3.457559
289 3.4580538
289 3.454722
288 3.4628482
288 3.4596508
288 3.4598236
288 3.4569395
288 3.4535322
288 3.4618053
288 3.4584131
287 3.470159
287 3.467174
288 3.4674826
288 3.4643743
287 3.4723804
287 3.4689574
287 3.4733665
287 3.4699361
287 3.4741778
287 3.471068
287 3.478983
287 3.4756777
287 3.4763024
287 3.4730713
287 3.4809415
287 3.4778035
287 3.4818757
287 3.4788475
287 3.4794006
287 3.476042
287 3.4727802
287 3.473091
287 3.469981
286 3.4853988
286 3.4821274
286 3.4826221
286 3.4794118
287 3.4799209
287 3.4765637
286 3.4844499
286 3.48134
287 3.4817936
287 3.4786017
286 3.4827375
286 3.4796789
287 3.480069
287 3.476685
287 3.4772944
287 3.4740858
287 3.4746072
287 3.4714577
287 3.4681106
288 3.4686992
288 3.4655259
288 3.4660273
288 3.462862
287 3.4740973
287 3.4712725
287 3.471628
287 3.4685824
287 3.4725378
287 3.4731684
287 3.4735203
287 3.4705222
287 3.467228
287 3.4713426
287 3.4681914
287 3.475898
287 3.4727738
287 3.4805002
287 3.477227
287 3.477685
287 3.4748201
287 3.475167
287 3.4719977
287 3.4761834
287 3.473081
286 3.487739
286 3.4917874
286 3.4886672
286 3.48554
286 3.4861856
286 3.4827802
287 3.4834146
287 3.4801176
286 3.484048
286 3.4813747
286 3.4781373
287 3.478563
287 3.475519
287 3.4793751
287 3.4764342
287 3.4768844
287 3.473816
287 3.4742923
287 3.4712431
287 3.471562
287 3.4686189
288 3.4690735
288 3.4660401
288 3.4665573
288 3.4633613
288 3.4638674
288 3.460801
288 3.4613934
288 3.4583943
289 3.458493
289 3.4558396
289 3.4525766
289 3.4567986
289 3.4536366
288 3.468144
288 3.4651093
Start time: 17/12/2018 02:22:47.712
End time: 17/12/2018 02:27:35.806
Duration: 288094 milliseconds (288.094 seconds)
Average latency: 288 milliseconds
Reads average latency: 14 milliseconds
Writes average latency: 531 milliseconds
Average throughput: 3.4710894 operations per second
Number of requests: 1000
Number of reads: 471
Number of writes: 529
Number of timeouts: 0
Percentage of writes: 50%
Number of replicas: 12
