0 3.773585
0 1.9841269
0 1.310616
0 0.98619324
0 0.789266
0 0.6640106
0 0.5678592
0 0.49554017
0 0.44306603
0 0.39920157
0 0.35739812
1451 0.66644454
1451 0.6133088
1150 0.851547
1150 0.795545
1024 0.97418416
1024 0.93962884
1024 0.88809943
952 1.041016
952 0.997009
952 0.94966763
899 1.0877448
899 1.0425717
857 1.164338
857 1.1049724
857 1.0641532
830 1.1848341
830 1.1404134
799 1.2364336
799 1.1990408
799 1.1606913
794 1.2457954
794 1.2118275
794 1.174812
779 1.254419
733 1.3330371
713 1.4005603
713 1.3681331
713 1.3318307
706 1.3974845
706 1.365454
706 1.3290298
710 1.3913366
710 1.3593113
694 1.4143021
694 1.3894919
687 1.4430014
687 1.4161947
687 1.3861709
653 1.5197569
653 1.4896119
647 1.5370427
647 1.5092062
641 1.5540591
641 1.5270506
641 1.4987154
615 1.5955602
615 1.5850046
568 1.7569941
511 1.9329467
511 1.9012653
479 2.062653
479 2.030328
480 2.0605683
480 2.0303943
458 2.1786492
447 2.2086914
446 2.233586
446 2.2025154
448 2.2255192
448 2.1964405
448 2.1592293
452 2.1907003
452 2.1618116
453 2.1865501
453 2.1561925
456 2.176617
456 2.1536252
456 2.1264746
460 2.1465654
460 2.122304
462 2.1457133
462 2.1189501
464 2.1415315
464 2.1175475
466 2.1393359
449 2.2067952
449 2.1805296
435 2.291208
435 2.266163
435 2.2414627
429 2.3039472
429 2.2770236
431 2.2976768
431 2.2732058
426 2.3321674
426 2.3076606
415 2.4031608
403 2.464049
403 2.4396098
393 2.533349
393 2.5097055
396 2.5228024
391 2.5381687
391 2.5085518
387 2.5616877
387 2.541011
390 2.5542312
390 2.5307171
390 2.5073586
394 2.519617
394 2.498572
380 2.6185422
380 2.5961268
372 2.6756551
372 2.6548977
375 2.6642985
370 2.6775124
370 2.6542132
368 2.6989205
368 2.676182
365 2.7208655
365 2.6981342
368 2.7084544
368 2.68757
370 2.6973853
370 2.6757326
370 2.6555033
368 2.6932483
368 2.6755238
366 2.7172253
366 2.6957445
368 2.7063599
368 2.6863267
370 2.6953378
370 2.6751332
370 2.6568568
372 2.6623452
372 2.6467204
374 2.6561563
374 2.6374
376 2.647067
376 2.6290762
370 2.6935465
370 2.6757884
370 2.6561515
373 2.6665215
373 2.6477897
374 2.656791
374 2.638874
376 2.6478844
376 2.6314406
375 2.659852
375 2.64825
375 2.6321223
370 2.6914794
370 2.6743414
369 2.7068734
369 2.6916885
370 2.6960907
370 2.68323
370 2.6658108
372 2.6739936
372 2.6584718
374 2.6659555
374 2.650411
372 2.680901
372 2.6664762
372 2.650072
374 2.6586359
374 2.6430895
373 2.6736102
373 2.6585293
374 2.6663601
374 2.6504593
375 2.6581848
370 2.6892047
370 2.672896
362 2.7482963
362 2.7323618
363 2.7399077
363 2.7249153
363 2.7500708
363 2.738892
363 2.7241478
364 2.7305367
364 2.7158222
366 2.7231724
366 2.7085934
368 2.7155607
362 2.7430534
362 2.7287688
363 2.7354677
363 2.720864
365 2.7274778
365 2.7135658
364 2.7410054
364 2.7272177
360 2.773089
360 2.7596688
361 2.7654536
361 2.7523663
362 2.7579684
362 2.7449367
362 2.7309613
361 2.7571745
361 2.7433782
350 2.8453877
350 2.8324275
346 2.8759165
346 2.8618538
348 2.8672752
348 2.85371
347 2.877214
347 2.865063
348 2.8695202
344 2.893956
345 2.8965845
345 2.8858447
345 2.8721528
340 2.9312248
340 2.9186559
333 2.9946027
333 2.9818234
334 2.9844913
334 2.9731882
334 2.9596744
331 3.0168028
331 3.0037372
331 3.0079632
331 2.9949968
333 2.9994311
333 2.9869192
333 2.973749
334 2.978622
334 2.9654484
335 2.9696622
335 2.957685
324 3.078931
324 3.065798
325 3.0704885
325 3.057649
324 3.0775814
324 3.065222
318 3.1345916
315 3.1544204
315 3.1733181
315 3.1607294
315 3.1477854
316 3.1518488
316 3.138692
312 3.1897674
312 3.1772125
313 3.180902
313 3.1685777
315 3.1713793
315 3.159484
315 3.14675
316 3.1504333
317 3.1524396
315 3.1568463
315 3.1449423
316 3.1478102
316 3.135841
316 3.154003
316 3.1421013
314 3.175269
314 3.164179
315 3.16658
315 3.155322
315 3.1432157
315 3.161114
315 3.149583
314 3.1676521
314 3.1563177
310 3.2167387
310 3.2052207
309 3.2229753
309 3.210963
310 3.2117622
310 3.2022543
310 3.1912632
310 3.2021441
311 3.20964
310 3.2138999
310 3.2021255
310 3.2187495
310 3.2081106
311 3.2105393
311 3.199294
312 3.2024407
310 3.2054355
310 3.1940596
309 3.2238758
309 3.2128623
310 3.2159991
310 3.204783
307 3.247799
307 3.2368953
308 3.2395248
308 3.2287638
307 3.2444744
307 3.2338538
308 3.2365868
308 3.2259333
309 3.2286317
308 3.2309756
308 3.220361
309 3.2231758
309 3.2123644
310 3.2147725
310 3.204964
309 3.2199535
309 3.2101092
307 3.2502983
307 3.239932
306 3.2550685
306 3.2446709
307 3.2470381
307 3.2374191
307 3.2269719
307 3.2421958
307 3.2315578
307 3.2456715
307 3.2368832
306 3.2511346
306 3.2411144
307 3.2433486
307 3.2335315
306 3.2600133
306 3.2506769
305 3.2765558
305 3.2666788
304 3.2807693
304 3.2714856
304 3.2843065
304 3.275848
304 3.265731
304 3.2796943
304 3.2704344
305 3.2721515
305 3.2626617
306 3.2648873
306 3.2551706
305 3.269338
305 3.2598896
305 3.250533
306 3.2527988
306 3.243144
307 3.2451952
307 3.2359142
304 3.2723181
304 3.2633083
305 3.2649834
305 3.2559712
306 3.2580242
306 3.24879
306 3.262169
306 3.2529383
306 3.2551577
306 3.2459261
305 3.2705739
305 3.261205
306 3.2633777
305 3.2653596
305 3.256368
306 3.258749
306 3.2495055
306 3.2519972
306 3.243033
306 3.2555733
306 3.246893
305 3.2702515
305 3.2616134
305 3.2635126
305 3.2547653
304 3.2780972
304 3.269772
304 3.281837
304 3.2732363
303 3.2961726
303 3.2875793
303 3.2893705
303 3.2808058
303 3.2930617
303 3.28477
303 3.2761471
302 3.298085
302 3.2903194
302 3.3021576
302 3.2936797
301 3.3056502
301 3.2973073
298 3.3498118
298 3.341772
297 3.3533661
297 3.34465
298 3.3463302
298 3.3383124
297 3.359933
297 3.3510528
297 3.3629496
297 3.3548055
296 3.3757029
296 3.3678348
296 3.369093
296 3.360651
296 3.3523824
297 3.3544576
297 3.345852
298 3.347378
298 3.3396761
298 3.3410485
298 3.3329468
299 3.3344257
299 3.3264434
297 3.356831
297 3.3488657
298 3.3504834
298 3.3423479
298 3.3443546
298 3.3364296
299 3.3376513
299 3.3297489
300 3.331357
300 3.3236003
300 3.3251843
300 3.3176951
301 3.318976
301 3.3113198
301 3.3037605
301 3.314784
301 3.3067622
301 3.3082678
301 3.300785
299 3.3298476
299 3.322624
300 3.3238063
300 3.3165984
301 3.3176692
301 3.3104775
300 3.3207262
300 3.3135903
301 3.3148675
301 3.3075678
302 3.3090014
302 3.3016884
302 3.2943192
301 3.3050637
301 3.2972796
302 3.2992764
302 3.291715
303 3.293424
303 3.2859383
302 3.3051167
302 3.2978117
302 3.2994635
302 3.292404
301 3.3112006
301 3.3040318
299 3.3315403
299 3.3242435
300 3.325703
300 3.3189082
301 3.3200588
301 3.3129919
301 3.3144345
300 3.3160694
300 3.308858
301 3.3105257
301 3.3032167
301 3.3131382
301 3.3061905
297 3.358253
297 3.3512402
297 3.3527439
297 3.3457718
298 3.3469162
298 3.339874
298 3.3415833
298 3.3342757
299 3.3359613
299 3.3288066
298 3.3467479
298 3.3398206
299 3.3412611
299 3.3343189
299 3.33571
299 3.3373961
299 3.3302045
299 3.3318398
299 3.3248248
300 3.326275
300 3.3197305
296 3.3693974
296 3.3627677
296 3.3638601
296 3.3571332
295 3.3824673
295 3.3757029
295 3.3768141
295 3.3704643
296 3.3717425
296 3.3646522
296 3.36599
296 3.359365
296 3.368411
296 3.362046
295 3.3791482
293 3.4035745
293 3.404795
293 3.3984108
293 3.3915486
293 3.4006987
293 3.3938055
293 3.4027052
293 3.3961768
293 3.3972375
293 3.391006
294 3.3920207
294 3.3854325
294 3.386584
294 3.3800833
294 3.3892095
294 3.382522
295 3.3840046
295 3.3771987
294 3.393862
294 3.3872166
295 3.388577
295 3.3819664
295 3.3893466
289 3.4446268
289 3.4377644
289 3.4466774
289 3.440016
289 3.4487636
289 3.4423792
288 3.4579482
288 3.4514937
286 3.4894207
286 3.4833434
286 3.48391
286 3.477839
283 3.5226514
283 3.5161486
284 3.517033
284 3.5106928
284 3.5186386
283 3.5199487
283 3.513331
284 3.5142126
284 3.5079854
284 3.515839
284 3.509581
283 3.5175555
283 3.5115938
284 3.5121417
284 3.505885
284 3.5068924
284 3.5007663
284 3.5086222
284 3.5023158
285 3.5032482
285 3.4969983
283 3.523862
283 3.5270383
283 3.5208044
283 3.5286758
283 3.5225105
283 3.5303264
283 3.524081
283 3.524272
283 3.519139
283 3.5127993
284 3.5135472
284 3.5075314
284 3.5151815
284 3.5094748
284 3.5100784
284 3.503893
285 3.5051064
285 3.498806
285 3.4996405
285 3.4936824
285 3.4945228
285 3.4885461
286 3.48944
286 3.4837525
286 3.4842732
286 3.4787316
286 3.472715
286 3.4803255
286 3.4744668
287 3.475233
287 3.4697287
287 3.477154
287 3.47134
287 3.4720829
287 3.466551
286 3.4871726
286 3.4813807
284 3.508842
284 3.503056
284 3.5101638
283 3.5244036
283 3.5185516
283 3.5196443
283 3.5136805
284 3.5144777
284 3.508634
284 3.509781
284 3.503758
285 3.5045435
285 3.4988682
281 3.5450861
281 3.5393183
282 3.5403843
282 3.5344365
282 3.535233
282 3.529495
282 3.536682
282 3.531232
282 3.5381668
282 3.5391319
282 3.5332756
282 3.533907
282 3.528595
282 3.5291648
282 3.523474
282 3.536996
282 3.5315561
282 3.5383692
282 3.5329893
282 3.5335913
282 3.527991
283 3.528732
282 3.5420535
280 3.5615256
280 3.5559611
281 3.556698
281 3.5511584
281 3.5520554
281 3.5463414
281 3.546737
281 3.5417297
281 3.5360594
282 3.5367532
282 3.5312605
282 3.5319817
282 3.5268383
281 3.5518205
281 3.546425
281 3.5470753
281 3.5417035
281 3.548694
281 3.5430768
282 3.543793
282 3.5384374
282 3.5390935
282 3.5337613
282 3.5344014
282 3.529135
282 3.523714
282 3.5367782
282 3.5312345
282 3.5320008
282 3.5266929
283 3.5273156
283 3.5220935
283 3.5228057
283 3.517606
283 3.5183434
283 3.5131447
284 3.513845
284 3.508585
283 3.5211475
283 3.5159545
284 3.5166674
284 3.5115376
284 3.5123785
284 3.5070229
284 3.5195389
284 3.5142908
284 3.5208387
284 3.5158913
284 3.5161047
284 3.511301
284 3.5065107
282 3.5302095
282 3.5250604
283 3.5257466
283 3.5207
283 3.5215933
283 3.516223
282 3.5342188
282 3.5290875
283 3.5298839
283 3.5247333
283 3.5254927
283 3.5204034
283 3.521127
283 3.5160782
284 3.5168257
284 3.5117579
284 3.512489
284 3.50768
284 3.5138462
284 3.50895
283 3.5264626
283 3.5214832
283 3.5222147
283 3.5175116
283 3.5123885
284 3.5125597
284 3.5083601
284 3.5087523
284 3.5041196
284 3.5101774
284 3.5052438
284 3.5062218
284 3.501094
284 3.5073354
284 3.5027237
285 3.503197
285 3.498372
284 3.5100458
284 3.505244
285 3.5059228
285 3.5011206
284 3.5072167
284 3.5024834
284 3.514056
284 3.509288
284 3.5153782
284 3.5106022
284 3.5113237
284 3.5063
284 3.5017455
285 3.5022295
285 3.497768
285 3.4983318
285 3.493887
285 3.505169
285 3.5003893
285 3.5010774
285 3.4963725
284 3.5131438
284 3.5083597
284 3.5092585
284 3.504418
284 3.515677
284 3.5110457
284 3.511899
284 3.5070245
285 3.5076952
285 3.5032098
285 3.5037174
285 3.4992857
285 3.4945164
285 3.5001605
285 3.496008
285 3.4964852
285 3.4919274
285 3.4977465
285 3.4933996
284 3.509577
284 3.5050075
283 3.526456
283 3.5219681
282 3.5380785
282 3.5336604
282 3.5392735
282 3.5347922
281 3.5455685
281 3.5410364
282 3.541554
282 3.5370023
282 3.5375602
282 3.5333152
282 3.533605
282 3.5344546
282 3.5297782
282 3.5351372
282 3.5311382
282 3.5417504
282 3.5372684
282 3.5378735
282 3.5333898
282 3.5288637
282 3.5245454
282 3.519971
282 3.515497
284 3.5161426
284 3.511614
284 3.512457
284 3.513051
284 3.5087368
284 3.5141642
284 3.5098069
284 3.5104365
284 3.5062168
284 3.511813
284 3.5072708
284 3.5127468
284 3.5086153
284 3.5090675
284 3.5047076
285 3.5053024
285 3.501027
285 3.506505
285 3.5024111
282 3.5324216
282 3.5282555
283 3.5286438
283 3.524268
283 3.524885
283 3.5207307
283 3.5211957
283 3.517056
283 3.5223277
283 3.52308
283 3.5234027
282 3.5388007
282 3.534254
282 3.5350063
282 3.5307488
282 3.5359926
282 3.5317447
282 3.532326
282 3.5280583
282 3.533484
282 3.5293946
283 3.529722
283 3.525681
283 3.5309145
283 3.526612
283 3.5320003
283 3.5278413
282 3.533081
282 3.5289307
283 3.529272
282 3.5300648
282 3.5258322
283 3.52636
283 3.5224085
283 3.5228393
283 3.5186522
283 3.5192025
283 3.5150294
283 3.520316
283 3.5162504
283 3.5261626
283 3.5220504
283 3.52256
283 3.518445
284 3.5190563
284 3.5148892
284 3.5201595
284 3.5160992
284 3.5165794
284 3.5127447
284 3.5085118
284 3.5136774
284 3.509648
284 3.5101495
284 3.5061657
284 3.5112457
284 3.5074313
284 3.5169988
284 3.5129611
284 3.5180902
284 3.5142863
283 3.5238178
283 3.519807
283 3.5203712
283 3.5299911
283 3.5305426
283 3.5264943
282 3.5361385
282 3.5320928
282 3.5372546
282 3.533377
282 3.5292203
282 3.52972
282 3.5255933
283 3.526303
283 3.5222845
283 3.5273845
283 3.5234056
283 3.5239246
283 3.5199425
283 3.520543
283 3.516511
284 3.5172398
284 3.513173
284 3.518034
284 3.5144296
283 3.5236802
283 3.5197496
283 3.5204859
283 3.5164113
284 3.5169313
284 3.5132744
284 3.5136569
283 3.5186086
283 3.5229897
283 3.5197618
283 3.5157814
283 3.5250733
283 3.521235
283 3.5261302
283 3.5222993
283 3.5228834
283 3.5190334
283 3.524002
283 3.5199287
283 3.5248854
283 3.5211115
283 3.5216472
283 3.5178695
284 3.5182245
284 3.5144587
283 3.5279706
283 3.5241263
283 3.5289443
283 3.5251224
283 3.5213847
281 3.5435493
281 3.5395107
281 3.5530922
281 3.5491123
281 3.5539742
281 3.5502603
281 3.5548825
281 3.551115
281 3.551685
281 3.5477777
280 3.5609925
280 3.5572803
280 3.566252
280 3.5623906
280 3.5630662
280 3.5591109
280 3.5638552
280 3.5601635
280 3.5604773
280 3.556722
281 3.5574288
281 3.5535946
281 3.5540638
281 3.5503604
281 3.550713
281 3.5470061
281 3.5432923
281 3.5479538
281 3.5441873
281 3.5530133
281 3.5493531
280 3.5664735
280 3.562718
280 3.5675082
280 3.563626
278 3.593331
278 3.589459
277 3.6064012
277 3.602806
277 3.6030972
277 3.599394
277 3.5998366
277 3.5962036
277 3.596604
277 3.592908
277 3.6015983
277 3.597742
277 3.5981839
277 3.594457
277 3.598961
277 3.595432
278 3.5956247
277 3.5962718
277 3.5924337
278 3.5922785
278 3.5891829
278 3.5897894
278 3.5860324
277 3.5986238
277 3.5949671
277 3.5953474
277 3.5917306
277 3.608316
277 3.6046789
276 3.6091049
276 3.6054597
277 3.6058128
277 3.602236
277 3.6026206
277 3.5990973
277 3.5954084
277 3.59577
277 3.5923789
277 3.6045887
277 3.6009953
277 3.6013927
277 3.5978239
277 3.5982091
277 3.5946505
277 3.603003
277 3.5994182
277 3.6077352
277 3.6041524
277 3.604501
277 3.6011279
277 3.601578
277 3.5980153
277 3.5982695
277 3.5946605
278 3.5951295
278 3.5915592
278 3.5919456
278 3.588456
278 3.592744
278 3.5892322
278 3.5896332
278 3.5863132
278 3.5862134
278 3.5830567
278 3.5796134
279 3.580008
279 3.5764768
279 3.5769012
279 3.5734494
277 3.5970943
277 3.593588
277 3.598012
277 3.5944421
277 3.5986345
277 3.5951817
278 3.595682
278 3.592156
277 3.6002045
277 3.5968876
277 3.5969846
277 3.593787
278 3.5940518
277 3.5984154
277 3.594759
277 3.5953789
277 3.591842
278 3.5921893
278 3.588799
278 3.5930738
278 3.5895662
278 3.5899963
278 3.5866754
277 3.598335
277 3.594863
278 3.5954359
278 3.5919054
278 3.592304
278 3.5890265
278 3.5892782
278 3.585929
278 3.5939038
278 3.5905967
278 3.5908055
278 3.587548
278 3.587854
278 3.584444
278 3.581255
278 3.5815256
278 3.5781713
278 3.5823054
278 3.5789433
278 3.5867763
278 3.5834835
278 3.5913112
278 3.5879261
278 3.5883617
278 3.5851583
277 3.6001835
277 3.5968165
277 3.601055
277 3.5976
277 3.6016974
277 3.5983543
277 3.6060698
277 3.6027422
277 3.603147
277 3.5997887
277 3.5967002
277 3.6005478
277 3.5972538
277 3.5976484
277 3.5944812
278 3.5943656
278 3.591587
277 3.5991273
277 3.59597
278 3.5961673
277 3.6037998
277 3.6040418
276 3.6083145
276 3.6049159
277 3.6052601
277 3.6019876
277 3.6059601
277 3.602706
277 3.606632
277 3.6035256
Start time: 17/12/2018 02:22:47.700
End time: 17/12/2018 02:27:25.343
Duration: 277643 milliseconds (277.643 seconds)
Average latency: 277 milliseconds
Reads average latency: 16 milliseconds
Writes average latency: 529 milliseconds
Average throughput: 3.6017475 operations per second
Number of requests: 1000
Number of reads: 491
Number of writes: 509
Number of timeouts: 0
Percentage of writes: 50%
Number of replicas: 12
