0 3.816794
0 1.9569472
0 1.3245033
0 0.98328424
0 0.7987221
0 0.6609385
0 0.56721497
638 1.4977534
638 1.3233348
638 1.1990408
638 1.079525
638 0.99403584
638 0.92194223
858 1.1415526
858 1.0601643
814 1.2227927
814 1.1756408
814 1.1069293
789 1.2541807
600 1.5945784
600 1.5186028
599 1.6351744
599 1.5649452
505 1.9710907
505 1.917852
505 1.8295472
509 1.9247853
509 1.8552876
512 1.9278436
512 1.8607123
512 1.7886802
499 1.9547952
499 1.9384542
499 1.877053
511 1.9410824
511 1.88784
514 1.943215
514 1.89374
495 2.0179598
495 1.9994001
495 1.9500781
495 1.8942982
464 2.139137
464 2.0876827
462 2.1208909
462 2.0849624
435 2.295333
406 2.413047
406 2.366188
412 2.3896766
412 2.3507288
404 2.4587014
404 2.4121816
396 2.5173998
396 2.4718285
402 2.471926
402 2.4549344
402 2.4132938
398 2.5035522
398 2.4656804
398 2.4225757
392 2.5151556
392 2.4739914
396 2.4981265
396 2.4591172
383 2.6033783
383 2.5665512
369 2.7049277
369 2.665894
372 2.683261
372 2.6460986
372 2.6048884
378 2.6298487
378 2.5922124
379 2.6129153
379 2.5773196
377 2.6455026
377 2.6147144
377 2.5807106
380 2.59961
380 2.5676475
346 2.8763652
346 2.8410459
348 2.8555112
344 2.869643
340 2.9292789
340 2.8961523
340 2.8616853
331 3.009072
331 2.9767194
329 3.0299037
329 2.9992175
329 2.966211
332 2.9741673
332 2.945756
314 3.1648204
314 3.1323414
317 3.1387577
317 3.1108596
317 3.0786455
321 3.087275
321 3.057145
325 3.0671275
307 3.230148
309 3.2289927
309 3.206942
309 3.1773324
312 3.183181
312 3.1551528
312 3.1244323
317 3.1347961
317 3.1062555
319 3.1148236
319 3.0858786
318 3.1291287
318 3.10163
321 3.1103668
314 3.1523285
314 3.12542
314 3.16403
314 3.1392505
309 3.2118511
309 3.1854382
309 3.225182
309 3.1992834
311 3.2048233
311 3.1798003
311 3.1523094
314 3.1625946
314 3.137303
316 3.144366
316 3.1205502
318 3.1276314
318 3.1039217
321 3.109821
321 3.0871456
323 3.0912802
323 3.0720184
323 3.0501842
325 3.0558333
325 3.03417
324 3.0692122
324 3.0474164
326 3.0552158
326 3.0341477
326 3.0117185
329 3.0199971
329 2.9987843
328 3.0304656
328 3.012771
330 3.018748
330 2.9996052
332 3.0002608
332 2.985927
332 2.9665172
334 2.9732916
334 2.9551127
329 3.0355926
327 3.0444849
327 3.047029
327 3.0308301
327 3.0112305
328 3.041676
328 3.024169
324 3.0776687
324 3.0597985
323 3.0891545
321 3.094796
321 3.0750306
322 3.0822804
322 3.0631096
324 3.0692677
324 3.051106
323 3.07961
323 3.0620172
325 3.0674849
323 3.0732381
323 3.0550127
320 3.1056595
320 3.0887518
319 3.108877
319 3.098016
320 3.122339
320 3.1082227
320 3.0914907
320 3.117408
320 3.1006095
321 3.10526
321 3.089751
322 3.093955
322 3.0776317
322 3.101776
322 3.088019
322 3.071595
323 3.0766075
323 3.0602877
323 3.0859811
323 3.0698388
320 3.1145763
320 3.0991943
319 3.1232593
319 3.1086645
321 3.1123805
321 3.0970676
322 3.100624
318 3.12591
318 3.1102698
317 3.1342537
317 3.1193187
313 3.1802254
313 3.1649168
313 3.187777
313 3.172696
314 3.177273
314 3.1625552
313 3.184183
313 3.170273
313 3.1909626
311 3.1962304
311 3.181124
312 3.184771
312 3.1704855
314 3.17466
314 3.1599808
313 3.1809216
313 3.1680856
313 3.153907
314 3.1745477
314 3.160744
310 3.2167199
310 3.2026315
311 3.2061226
311 3.192804
312 3.1945062
312 3.182762
312 3.1692228
312 3.1892273
312 3.1757767
313 3.1797566
313 3.1659806
309 3.2191155
309 3.205711
303 3.2919643
303 3.2779899
304 3.2807221
304 3.26808
305 3.2703547
305 3.257907
306 3.2604156
303 3.2797375
303 3.2655792
300 3.316618
300 3.303512
300 3.3212132
300 3.309596
298 3.3430188
298 3.329962
298 3.347436
298 3.3355985
299 3.33764
298 3.3406377
298 3.3276346
299 3.3306973
299 3.3174782
300 3.3201532
300 3.3076737
300 3.325245
300 3.3127406
301 3.3156397
301 3.3036547
301 3.29093
302 3.2932944
302 3.28133
302 3.2986922
302 3.2865558
303 3.2890449
303 3.277789
304 3.2802925
304 3.2681613
304 3.2836504
304 3.2737885
305 3.2743666
305 3.259443
305 3.2667775
305 3.2699003
305 3.2579212
306 3.261233
306 3.2494583
307 3.2518752
307 3.2413347
308 3.2438526
308 3.2322125
309 3.2349207
306 3.250949
306 3.24059
307 3.2431557
307 3.232062
308 3.2342482
308 3.2233903
304 3.279388
304 3.2685382
304 3.2841592
304 3.2733223
301 3.3151789
301 3.3043547
300 3.3323748
300 3.3218696
300 3.3239846
300 3.3136587
300 3.302544
298 3.3434923
298 3.3325644
296 3.3608506
296 3.3496785
297 3.3517852
297 3.3410532
298 3.343722
298 3.3328302
297 3.3597856
297 3.3497908
298 3.3508976
296 3.3658326
296 3.3549569
296 3.3575273
297 3.3576033
297 3.349611
297 3.338837
296 3.3651972
296 3.3549705
295 3.3813672
295 3.3713975
291 3.4332798
291 3.4231355
291 3.4247804
291 3.4146397
291 3.4278777
291 3.4181542
291 3.4078403
289 3.4418945
289 3.4350111
290 3.436668
290 3.4262996
291 3.4280117
291 3.4185252
292 3.420171
292 3.409892
293 3.4115138
293 3.4016733
293 3.4033093
292 3.4055197
292 3.395547
292 3.4085875
292 3.3988173
292 3.4117742
292 3.4027402
291 3.4264657
291 3.416716
292 3.41888
292 3.4087873
289 3.4554405
289 3.445487
287 3.4802399
287 3.4705007
287 3.4719932
287 3.4625204
288 3.4640265
288 3.4544008
288 3.4452777
289 3.4470425
289 3.4373918
289 3.4495025
289 3.4403424
289 3.4526758
289 3.443703
288 3.4554102
288 3.4463685
289 3.448093
289 3.4385712
289 3.4506047
289 3.441562
290 3.4430273
290 3.4340875
288 3.4667838
288 3.457793
288 3.4695532
288 3.4604945
287 3.4723299
287 3.4636674
287 3.4547641
288 3.456304
288 3.4470062
286 3.479379
286 3.4702082
283 3.5222704
283 3.513497
282 3.534925
282 3.52588
280 3.557217
280 3.5484097
281 3.5494676
281 3.5407233
282 3.5417953
282 3.5329728
282 3.5342336
282 3.525369
282 3.5364928
282 3.5278394
282 3.5195043
281 3.5398922
281 3.5311217
282 3.5324342
282 3.5236902
283 3.5253212
283 3.5163987
283 3.5176654
283 3.5090082
284 3.5105555
284 3.5018897
285 3.5031118
285 3.4948387
285 3.4959388
285 3.4876559
286 3.4888668
286 3.4806068
285 3.5006824
285 3.4924986
285 3.5030863
285 3.4948373
285 3.4960146
285 3.4879827
285 3.4797618
284 3.5077653
284 3.5006373
284 3.5109706
284 3.5029652
283 3.5223866
283 3.5144238
284 3.5155
284 3.5074933
284 3.5086763
284 3.5007527
285 3.5018504
285 3.4939466
285 3.4951491
285 3.4875777
285 3.4972248
285 3.4898393
286 3.4905417
286 3.4831412
286 3.484042
286 3.4765952
286 3.4686275
286 3.4874892
286 3.480023
286 3.480829
286 3.4733186
286 3.4831922
286 3.4756184
286 3.4853833
286 3.4778376
286 3.4876156
286 3.4799771
285 3.4987085
285 3.491259
284 3.5091944
284 3.5017552
284 3.5113564
284 3.503884
285 3.504912
285 3.497664
285 3.4902086
285 3.4997923
285 3.4924529
285 3.501637
285 3.494325
284 3.503819
284 3.4965034
284 3.5142033
284 3.5069847
284 3.5161686
284 3.5092971
284 3.5181758
284 3.510922
283 3.5202248
283 3.5129097
284 3.5143166
284 3.506726
285 3.507708
285 3.5009367
285 3.5016978
285 3.49488
285 3.4871528
286 3.488759
286 3.4814432
286 3.4824624
286 3.47533
286 3.4845169
286 3.4775207
287 3.4785676
287 3.471639
286 3.4886599
286 3.481933
286 3.482686
286 3.4758594
287 3.476787
287 3.4699717
287 3.4710717
287 3.4642124
287 3.4809256
287 3.474074
287 3.47513
287 3.4686685
288 3.4686227
285 3.5018091
285 3.4946842
285 3.4959342
285 3.4889295
285 3.4977183
285 3.4910069
283 3.5227246
283 3.515856
282 3.5400672
282 3.5331094
281 3.5491304
281 3.542722
280 3.56616
280 3.559745
280 3.5679657
280 3.5613291
278 3.5844727
278 3.5777502
278 3.5851994
278 3.579361
278 3.5727127
278 3.5809069
278 3.574307
275 3.6274793
275 3.620468
274 3.6359856
274 3.6291993
275 3.6299653
275 3.6231883
275 3.631355
275 3.62452
275 3.625608
275 3.6186233
275 3.6266851
275 3.620121
275 3.628045
275 3.6213965
276 3.6216893
275 3.623136
275 3.6163228
274 3.6314545
274 3.6248333
273 3.6543345
273 3.6476955
273 3.6482747
273 3.6420357
273 3.6499736
273 3.643156
273 3.6508815
273 3.64432
274 3.6450024
274 3.6385002
274 3.6443508
274 3.6398265
274 3.633419
273 3.6480956
273 3.6417472
273 3.6353192
273 3.6290407
275 3.6293843
275 3.6235924
275 3.6170895
274 3.6384594
274 3.632532
274 3.6328912
274 3.6265922
275 3.627236
275 3.6210184
275 3.6216445
275 3.6153588
276 3.6162899
276 3.6098614
276 3.6105025
276 3.6044755
276 3.6118026
276 3.6059163
277 3.606755
277 3.6006281
277 3.607182
276 3.6154168
276 3.6090631
276 3.609793
276 3.6036396
277 3.604376
277 3.5983737
276 3.6190515
276 3.6130202
275 3.6268532
275 3.621094
275 3.6217945
275 3.6155586
275 3.6227334
275 3.6170185
275 3.6233315
275 3.6311488
275 3.625544
274 3.6324296
274 3.62658
275 3.6271427
275 3.6211553
275 3.621867
275 3.6158838
276 3.6166015
276 3.6107168
276 3.6112533
276 3.6056993
277 3.6061258
277 3.600273
277 3.6009154
277 3.5951133
278 3.5960157
278 3.5900095
278 3.5844357
278 3.5852811
278 3.5792303
278 3.5799673
278 3.5743535
279 3.57496
279 3.5692136
278 3.58278
278 3.5769937
279 3.5776598
279 3.5719674
278 3.5914533
278 3.586117
278 3.5927544
278 3.587141
278 3.5878525
278 3.5822644
278 3.5890896
278 3.5835617
278 3.5903637
278 3.584784
278 3.579244
278 3.5801363
278 3.5744662
279 3.5750105
279 3.5695634
279 3.5701578
279 3.564975
280 3.5655093
280 3.5601966
280 3.5607152
280 3.5552092
281 3.5559068
281 3.5505114
281 3.5511706
281 3.5458205
281 3.5525053
281 3.5471904
281 3.5478723
281 3.5427294
281 3.5371976
281 3.544164
281 3.5386043
281 3.5452087
281 3.5401928
282 3.5406249
282 3.5354195
282 3.5361097
282 3.5308847
282 3.5315588
282 3.5262933
283 3.5269928
283 3.5217912
280 3.5578382
280 3.5526485
280 3.5591161
280 3.5541062
280 3.5604692
280 3.5553062
281 3.5561628
281 3.5507512
281 3.5514052
281 3.546285
281 3.5469022
281 3.541988
282 3.5423226
282 3.5374699
282 3.532223
282 3.5386193
282 3.533569
282 3.5341578
282 3.529047
282 3.5300455
282 3.524814
282 3.5428166
282 3.53746
281 3.5497768
281 3.544485
280 3.556535
280 3.5514305
280 3.5577712
280 3.55282
279 3.5759478
279 3.5709448
279 3.5715897
279 3.5665667
279 3.572793
279 3.567742
280 3.5681677
280 3.5634968
280 3.5583808
280 3.5590367
280 3.5540006
280 3.554621
280 3.5497437
280 3.5558956
280 3.5510106
279 3.573661
279 3.568982
279 3.56934
279 3.564424
279 3.5815082
279 3.5768247
279 3.5771892
279 3.5723093
279 3.578307
279 3.5736923
279 3.5794964
279 3.57462
277 3.602388
277 3.597709
277 3.6035252
277 3.598799
277 3.599186
277 3.5942836
277 3.5894141
277 3.5956485
277 3.5905194
278 3.5913398
278 3.5863461
277 3.6029854
277 3.598066
276 3.614896
276 3.6099157
276 3.6103585
276 3.6055515
275 3.6219935
275 3.617453
276 3.6177492
276 3.6129196
276 3.6136608
276 3.6086395
276 3.6146421
276 3.6099179
276 3.6101842
276 3.6108863
276 3.6061857
276 3.6169965
276 3.6123195
276 3.6180737
276 3.613275
275 3.6242464
275 3.6195276
275 3.6200414
275 3.6153402
276 3.6158767
276 3.611137
276 3.6116776
276 3.6070116
277 3.6074438
277 3.6028514
277 3.6032696
277 3.5988421
277 3.5992649
277 3.5946136
278 3.5951142
278 3.5906641
278 3.5908384
278 3.5864968
278 3.5818734
278 3.5824053
278 3.577872
278 3.5885773
278 3.5840478
278 3.5794568
278 3.5749862
278 3.5704365
278 3.5660064
280 3.566481
280 3.5620313
279 3.5727386
279 3.5683455
280 3.568654
280 3.5643663
280 3.559715
280 3.5605137
280 3.5558612
280 3.5563967
280 3.5519912
281 3.5525832
281 3.5480878
281 3.5538151
281 3.5492237
281 3.5497634
281 3.5456264
281 3.5460296
281 3.5415926
282 3.5422263
282 3.5378575
282 3.5432627
282 3.5391116
282 3.539537
282 3.535262
282 3.5406961
282 3.5363438
282 3.541815
282 3.5374546
281 3.5477192
281 3.5484748
281 3.5439847
281 3.5494134
281 3.545139
280 3.5552635
280 3.5510097
280 3.5563695
280 3.552073
281 3.5526798
281 3.548364
281 3.548854
281 3.5448084
281 3.545234
281 3.5410156
281 3.5462685
281 3.5420928
282 3.5425704
282 3.538577
282 3.5389066
282 3.5349436
282 3.5351095
281 3.550111
281 3.545831
280 3.555845
280 3.5516522
280 3.5615523
280 3.5574462
280 3.5578825
280 3.553757
280 3.5683136
280 3.564169
280 3.5693903
280 3.5652208
280 3.5658612
280 3.5615723
280 3.5622153
280 3.5579245
280 3.558471
280 3.5543098
281 3.554744
280 3.559938
280 3.5601997
280 3.5564668
280 3.5522501
281 3.5527825
281 3.548629
281 3.549311
281 3.545236
281 3.5504422
281 3.546148
281 3.5466833
281 3.5426302
281 3.5477183
281 3.5436409
282 3.5441606
282 3.540113
282 3.5408125
282 3.5366974
282 3.5371583
282 3.5331526
282 3.5336807
282 3.5296724
283 3.5302668
283 3.526446
283 3.5222528
283 3.5228376
283 3.518864
283 3.519388
283 3.515506
283 3.5206692
283 3.516574
284 3.5171454
284 3.5131576
283 3.5271246
283 3.523291
283 3.5237274
283 3.5197966
283 3.5291455
283 3.5252333
283 3.5257432
283 3.522077
283 3.5224495
283 3.518748
284 3.5188756
284 3.51531
284 3.5113347
284 3.516236
284 3.5124075
284 3.512942
284 3.5091255
284 3.5096626
284 3.5057962
285 3.5063357
285 3.502543
285 3.503161
285 3.4994254
285 3.4998326
285 3.4959416
285 3.5008414
285 3.4970791
285 3.5062962
285 3.5024602
285 3.5030582
285 3.4993548
285 3.5041895
285 3.5004628
285 3.500699
285 3.4971945
285 3.4934423
285 3.4940898
285 3.49011
286 3.4908495
286 3.4869857
286 3.487548
286 3.4839342
286 3.48438
286 3.4806435
286 3.493962
286 3.490268
285 3.4950056
285 3.4912739
286 3.4918714
286 3.4881804
286 3.4887357
286 3.4850702
286 3.4855835
286 3.4819
286 3.4866652
286 3.4829297
286 3.4878743
286 3.4840868
286 3.4887714
285 3.497864
285 3.4940777
285 3.498854
285 3.495089
285 3.4997666
285 3.4961834
285 3.4967215
285 3.4930763
286 3.4935439
286 3.4899385
285 3.502859
285 3.499454
285 3.4997685
285 3.496157
285 3.5008287
285 3.4972236
285 3.4977407
285 3.4943042
285 3.5029075
285 3.4992573
285 3.499799
285 3.4962602
284 3.5090158
284 3.5053601
284 3.5100608
284 3.5106032
284 3.5105724
284 3.511656
284 3.5079591
284 3.5084727
284 3.5048578
285 3.5053735
285 3.5018258
285 3.502287
285 3.4987636
285 3.5034893
285 3.4998164
284 3.5124042
284 3.508998
284 3.5093079
284 3.5059679
284 3.5103626
284 3.5068314
284 3.5112724
282 3.5359857
282 3.53628
281 3.5446696
281 3.5410793
281 3.5458875
281 3.542063
281 3.54648
281 3.543127
281 3.5434399
281 3.5399141
282 3.5403695
282 3.536854
282 3.5413342
282 3.5378523
282 3.538266
282 3.5349197
282 3.5391889
282 3.535723
282 3.5400803
282 3.5365648
282 3.5371716
282 3.5335689
282 3.541908
282 3.5383627
282 3.5390346
282 3.5354025
282 3.5395744
282 3.5364313
282 3.5328813
282 3.5372086
282 3.533816
282 3.5341856
282 3.5309393
282 3.5312293
282 3.5279644
282 3.5322034
282 3.5287805
283 3.5291667
283 3.52593
283 3.5301547
283 3.5268824
283 3.527161
283 3.523911
283 3.5319564
283 3.5287085
283 3.528808
283 3.5257049
283 3.5223777
283 3.52282
283 3.519368
283 3.5235813
283 3.5204031
283 3.520752
283 3.517502
284 3.5178664
284 3.5145454
284 3.5189126
284 3.5154374
283 3.5234165
283 3.5201159
283 3.520582
283 3.5172372
284 3.5176919
284 3.5144227
283 3.5223842
283 3.5192094
283 3.5232408
283 3.5199916
284 3.5204012
284 3.517148
284 3.5174942
284 3.5144067
284 3.5109189
284 3.515312
284 3.5118687
284 3.5124795
284 3.5090978
284 3.5170207
284 3.5137582
283 3.5253167
283 3.5220394
283 3.5224426
283 3.5192263
283 3.5197093
283 3.5163977
283 3.5205686
283 3.5172882
284 3.5177193
284 3.5144732
284 3.5151
284 3.5117722
284 3.5085275
284 3.508939
284 3.5058699
285 3.5061936
285 3.5030043
285 3.499719
285 3.4968863
285 3.4970002
285 3.494009
286 3.494393
286 3.4912193
286 3.4917445
286 3.488604
286 3.4888272
286 3.4893909
286 3.4862232
286 3.4868257
286 3.4835534
286 3.49127
286 3.4881248
286 3.4921732
286 3.489171
286 3.4930856
286 3.4899755
286 3.4939947
286 3.4908142
285 3.5021505
285 3.4988928
285 3.4959035
285 3.4927075
286 3.493135
286 3.4899971
286 3.4904885
286 3.4874578
286 3.4947755
286 3.4919946
286 3.4887352
286 3.4891639
286 3.4861104
286 3.4936197
286 3.4905307
286 3.4909687
286 3.4878879
286 3.4883513
286 3.485303
285 3.496294
285 3.4931948
285 3.497278
285 3.494097
285 3.5051157
285 3.5020068
285 3.5024798
285 3.4993787
Start time: 17/12/2018 02:22:47.719
End time: 17/12/2018 02:27:33.683
Duration: 285964 milliseconds (285.964 seconds)
Average latency: 285 milliseconds
Reads average latency: 20 milliseconds
Writes average latency: 529 milliseconds
Average throughput: 3.4969437 operations per second
Number of requests: 1000
Number of reads: 478
Number of writes: 522
Number of timeouts: 0
Percentage of writes: 50%
Number of replicas: 12
