0 3.7593985
0 1.980198
0 1.3089005
0 0.9852217
0 0.78864354
0 0.66357005
0 0.5675369
0 0.49603173
0 0.4428698
0 0.39904228
0 0.35727045
0 0.33311126
1021 0.91968113
875 1.1350738
875 1.0604453
875 0.9737099
827 1.1742603
827 1.109878
795 1.2489592
602 1.5948964
602 1.5191797
459 2.175095
425 2.2585127
425 2.1634216
295 3.357314
295 3.1924596
302 3.2578115
302 3.13569
312 3.1593406
312 3.063807
312 2.9658284
320 3.1141007
320 3.0292015
320 2.9366853
329 2.964652
329 2.887926
343 2.9085424
332 2.9464378
332 2.8682647
341 2.8945005
341 2.8281648
349 2.8473804
334 2.9679096
334 2.8993387
336 2.9167402
336 2.8655784
344 2.885513
344 2.8295605
344 2.7746043
353 2.7968676
353 2.7390828
359 2.7690177
359 2.716366
346 2.8858962
346 2.8357449
346 2.78313
338 2.9156544
338 2.8941565
343 2.9056017
343 2.8659024
343 2.8189328
348 2.8359652
348 2.791524
352 2.8096902
352 2.7685494
350 2.8441756
350 2.8054676
353 2.821206
353 2.7819636
357 2.7960057
357 2.7594752
357 2.7127278
337 2.9572837
337 2.918288
333 2.9847565
333 2.9464378
336 2.953827
336 2.9226272
336 2.8857837
336 2.9451404
336 2.9118547
339 2.9258301
339 2.8893383
342 2.9028268
334 2.9644268
330 3.022553
308 3.2180948
308 3.1797948
296 3.3692722
296 3.3324447
296 3.2961237
299 3.2984679
299 3.2650256
299 3.3187253
299 3.2818613
302 3.2913923
302 3.2553158
298 3.3398502
298 3.3121946
298 3.2793443
302 3.2853072
302 3.2546465
306 3.2601101
303 3.268728
303 3.230588
306 3.2410026
306 3.2135117
306 3.2574496
306 3.2286468
306 3.1976743
310 3.2062829
310 3.1778903
312 3.1846008
312 3.157341
315 3.1620278
315 3.1374984
318 3.1423984
318 3.1180098
318 3.0908787
320 3.0986571
320 3.072552
319 3.1141415
319 3.0881252
319 3.127519
319 3.103404
320 3.1098278
320 3.0848653
320 3.061639
323 3.064636
323 3.0444674
317 3.144558
317 3.1196997
318 3.1272552
318 3.104107
321 3.109913
321 3.086601
321 3.0655146
304 3.26996
304 3.2507694
305 3.2558405
305 3.2328503
305 3.2665014
305 3.2443013
304 3.2765944
304 3.254993
304 3.2311063
302 3.2932339
302 3.2691216
301 3.300773
301 3.278514
303 3.2832026
303 3.2629004
306 3.2595375
306 3.2453203
306 3.2255569
308 3.2296927
308 3.2091281
308 3.2380471
308 3.219883
310 3.2202504
310 3.2048893
310 3.1840844
312 3.1890883
312 3.170577
312 3.1990693
312 3.180416
313 3.1834936
313 3.166365
313 3.1468863
311 3.1996987
311 3.1809888
300 3.3243446
300 3.305747
301 3.3100402
301 3.2901502
303 3.2942567
303 3.276688
303 3.2568169
303 3.2844758
303 3.265433
304 3.2701402
304 3.2522469
306 3.251926
306 3.2387784
306 3.2213428
308 3.2249742
308 3.2075956
307 3.2549727
307 3.2375472
308 3.2416956
306 3.2452576
306 3.2283595
307 3.2327585
307 3.2155004
309 3.2195883
309 3.2031665
311 3.2079265
311 3.191081
312 3.1950166
312 3.179555
314 3.1831927
312 3.1879296
313 3.1913006
313 3.1762214
313 3.1600509
312 3.1842806
312 3.1683474
312 3.1913872
312 3.1761825
313 3.180589
313 3.1650367
311 3.2067606
311 3.1915894
312 3.1947687
312 3.181277
313 3.184183
313 3.1703901
313 3.189851
308 3.2328176
308 3.217538
306 3.2568574
306 3.2428927
304 3.2814517
304 3.2674487
303 3.2864351
303 3.2739885
303 3.2591078
299 3.3324564
299 3.3186615
297 3.3556464
297 3.3418179
298 3.3441355
298 3.3301861
298 3.3155024
300 3.3189795
300 3.3049169
297 3.3583097
297 3.3435261
298 3.3468323
298 3.3329444
299 3.3353798
299 3.3220394
296 3.3737636
296 3.3599946
293 3.412078
293 3.3976557
293 3.3999288
293 3.3864412
293 3.3725731
295 3.375784
295 3.3616927
293 3.3960168
293 3.3826504
291 3.4322062
291 3.4171422
289 3.4525316
289 3.4395816
289 3.4257193
290 3.4283597
291 3.4291866
291 3.4173105
291 3.4038527
287 3.4665205
287 3.4539175
288 3.4557693
288 3.442729
285 3.5047255
285 3.4924853
283 3.5233254
282 3.5256126
282 3.5120857
283 3.5139308
283 3.5011134
284 3.5033429
284 3.4908075
283 3.5209737
283 3.5089746
281 3.5538547
281 3.5406094
282 3.5400252
282 3.5295458
282 3.5174313
282 3.5265408
282 3.5192926
282 3.5366437
282 3.5236871
282 3.539182
282 3.527484
283 3.528777
283 3.516417
284 3.518465
282 3.53415
282 3.5216074
281 3.5372226
281 3.5246115
280 3.553766
280 3.541372
281 3.543006
281 3.5311112
282 3.532768
282 3.521033
283 3.5225255
283 3.510995
284 3.512834
284 3.501272
285 3.5029933
278 3.580496
278 3.570872
279 3.5716133
279 3.560647
279 3.5747812
279 3.5638742
278 3.5776803
278 3.5667427
279 3.567665
279 3.5562868
279 3.5704372
279 3.5590322
280 3.5604143
280 3.549867
280 3.5384116
281 3.5402849
281 3.5286689
281 3.5418108
281 3.5322208
282 3.5332654
282 3.5223756
281 3.5481315
281 3.537392
281 3.5508265
281 3.5406573
281 3.5535748
281 3.543331
282 3.5441463
282 3.5341175
281 3.5461414
281 3.548793
281 3.5378335
281 3.5391967
281 3.5292044
280 3.5653133
280 3.5549734
281 3.5563536
281 3.5457697
280 3.5591314
280 3.5488455
280 3.5386603
279 3.5745895
279 3.5639796
274 3.633663
274 3.623271
275 3.6245058
275 3.6145263
274 3.6377604
274 3.6277194
273 3.6511931
273 3.6408446
272 3.664313
272 3.6539447
273 3.6550682
273 3.6447024
274 3.6462076
274 3.6357627
274 3.6369228
270 3.6817076
270 3.6715293
271 3.672424
271 3.6624463
272 3.66348
272 3.6533828
272 3.6651754
272 3.655403
272 3.6562092
272 3.6465518
273 3.6474164
273 3.63764
274 3.6387553
274 3.6295145
273 3.651137
273 3.6415687
272 3.6740391
272 3.664461
272 3.6652606
272 3.655717
272 3.666999
272 3.6577656
273 3.657705
272 3.6596053
272 3.6497853
272 3.6610503
272 3.651651
271 3.672907
271 3.6636374
270 3.6949062
270 3.6856654
270 3.6862729
270 3.6770632
271 3.6779115
271 3.6687315
272 3.6694863
272 3.6601908
272 3.6713495
272 3.6624584
271 3.6825485
271 3.6739652
272 3.6744423
270 3.6848881
270 3.675786
271 3.6771538
271 3.6677203
271 3.6781878
271 3.669725
268 3.718696
268 3.709679
268 3.7198725
268 3.7109675
268 3.7212515
268 3.7124214
268 3.722724
268 3.7136846
268 3.7243595
268 3.7155342
268 3.725275
268 3.7164552
266 3.7547994
266 3.7460568
266 3.7466514
266 3.738213
267 3.7384746
267 3.7298508
267 3.721336
268 3.7221534
268 3.7131457
268 3.722919
268 3.7144985
265 3.7609503
265 3.7527916
266 3.752945
266 3.7444313
266 3.7448418
266 3.7367241
266 3.7550106
266 3.7469413
265 3.765223
265 3.7569318
264 3.775277
264 3.7669332
264 3.7585258
265 3.759365
265 3.7505112
266 3.7515633
266 3.7429652
265 3.7613568
265 3.7531717
266 3.753384
266 3.7450883
266 3.7457771
266 3.7377627
267 3.7381387
267 3.7300456
267 3.7305987
267 3.722428
267 3.7403038
267 3.7326622
267 3.7328837
267 3.7249382
268 3.725527
268 3.7177262
268 3.7096417
268 3.7189908
268 3.71078
268 3.7198346
268 3.712034
268 3.7126102
268 3.7048576
268 3.713911
268 3.7063127
269 3.7066786
269 3.6988795
269 3.7078698
269 3.7001007
270 3.7010605
270 3.693123
270 3.6937876
270 3.686142
270 3.6951082
270 3.6874306
271 3.6881013
270 3.6891012
270 3.6811519
271 3.6821012
271 3.6743486
271 3.6832113
271 3.6759646
270 3.6925712
270 3.6853056
270 3.6937785
270 3.6863916
268 3.7270963
268 3.7196429
268 3.720054
268 3.7130587
268 3.7216108
268 3.7137847
269 3.7144396
269 3.707129
267 3.7391436
267 3.7320776
267 3.7406092
267 3.7332163
267 3.7335045
267 3.7265043
267 3.7189791
268 3.7197287
268 3.712189
268 3.7127175
268 3.7055945
269 3.7060485
269 3.699251
268 3.7227335
268 3.715503
268 3.7160194
268 3.7088869
268 3.7250485
268 3.7176986
268 3.7185748
268 3.711096
269 3.7120087
269 3.7047398
269 3.7055204
269 3.6982915
270 3.6974134
270 3.6922524
270 3.6848962
270 3.6858985
270 3.6787753
271 3.6796472
271 3.6728349
271 3.6805356
271 3.673666
269 3.703786
269 3.697335
270 3.6974838
270 3.6910408
268 3.7207735
268 3.7139046
268 3.7217395
268 3.7150302
269 3.7153056
269 3.70901
269 3.702037
269 3.7098224
269 3.7032483
269 3.7035165
269 3.696924
269 3.704556
269 3.698278
269 3.7128093
269 3.7061944
267 3.7354207
267 3.728896
267 3.7363358
267 3.7296202
267 3.7301526
267 3.7234983
267 3.7356646
267 3.7315803
267 3.7249846
268 3.725468
268 3.7189589
268 3.719425
268 3.7128453
269 3.7126985
269 3.7072654
269 3.7005863
268 3.7148907
268 3.7085304
268 3.7227454
268 3.7167017
268 3.72383
268 3.7172673
268 3.7181363
268 3.7114534
269 3.711922
269 3.705603
269 3.7060797
269 3.6997418
270 3.7002773
270 3.693971
270 3.6943893
270 3.6952815
270 3.6888902
270 3.6961346
270 3.6899126
269 3.7037535
269 3.6978874
270 3.6982198
270 3.692036
270 3.6924021
270 3.6865194
271 3.6867952
271 3.6806717
270 3.6879075
270 3.6818268
271 3.6820116
271 3.6761792
271 3.6700752
268 3.7169828
268 3.7106848
269 3.711159
269 3.7049887
269 3.705834
269 3.6994748
269 3.69994
269 3.6939485
270 3.7008903
270 3.6948686
270 3.6956973
270 3.6894884
270 3.690037
270 3.6840477
271 3.6845555
271 3.6788783
271 3.6791334
271 3.673506
271 3.667427
272 3.6678402
272 3.662327
272 3.6690366
272 3.6631198
272 3.6700854
272 3.6644409
272 3.6647162
272 3.6591444
272 3.6658416
272 3.660032
272 3.6605659
272 3.6611435
271 3.6804285
271 3.6746783
271 3.675232
271 3.6695077
272 3.6702268
272 3.6643233
272 3.6645253
272 3.659352
272 3.6534932
271 3.672522
271 3.6668186
271 3.6734843
271 3.668135
271 3.6744857
271 3.668904
272 3.6693656
272 3.6638088
272 3.6706197
272 3.66481
272 3.6653414
272 3.6598022
271 3.6784534
271 3.6729112
272 3.6733387
272 3.667865
272 3.6622534
272 3.6690848
272 3.6633337
272 3.669901
272 3.6643853
272 3.6647995
272 3.6593738
272 3.6598814
272 3.654479
272 3.6669006
272 3.661482
272 3.6738129
272 3.6683135
272 3.668825
272 3.663414
272 3.6639097
272 3.6585655
272 3.6648536
272 3.6594806
272 3.6659212
272 3.6604548
272 3.6667678
272 3.6616368
273 3.6616178
273 3.6566153
273 3.6516268
269 3.7040904
269 3.698687
269 3.6991224
269 3.6938279
270 3.6944818
270 3.6888478
270 3.6951048
270 3.6897404
270 3.6903117
270 3.6849272
270 3.6968894
270 3.6915529
270 3.6920342
270 3.6867409
270 3.6929302
270 3.6876085
269 3.7107537
269 3.7056735
268 3.7228484
268 3.717661
268 3.7179747
268 3.7127252
269 3.7131493
268 3.7250633
268 3.719638
268 3.719489
268 3.7150424
268 3.715129
268 3.7102237
269 3.7104201
269 3.7052057
268 3.728114
268 3.7226615
267 3.7285979
267 3.723695
267 3.729367
267 3.7242305
267 3.730091
267 3.724988
268 3.7253652
268 3.7202623
268 3.7205842
268 3.7155626
267 3.7323003
267 3.727236
268 3.727587
268 3.7225227
268 3.7229598
267 3.7393105
267 3.7344532
267 3.7400148
267 3.7352507
267 3.7354865
267 3.7307408
267 3.736318
267 3.7312229
266 3.7530494
266 3.7480054
266 3.7537498
266 3.7486382
266 3.7545664
266 3.7493873
266 3.744362
266 3.7394295
266 3.7346885
266 3.7506952
266 3.7563353
266 3.7513144
266 3.7517016
265 3.7572985
265 3.752375
265 3.75766
265 3.753202
265 3.7638128
265 3.7589064
265 3.759143
265 3.754471
265 3.765084
265 3.7601817
264 3.7760973
264 3.7712913
264 3.7715096
264 3.7668004
265 3.7669265
265 3.7621572
265 3.7623086
265 3.7574997
266 3.757734
266 3.7529044
265 3.7634518
265 3.764064
265 3.7640383
264 3.7748394
264 3.7698452
264 3.7697735
264 3.7653172
265 3.7656348
265 3.7608697
265 3.7611923
265 3.7564256
265 3.7566767
265 3.7520795
265 3.7472095
265 3.742447
265 3.7379787
265 3.7329764
267 3.733537
267 3.7288342
267 3.7242546
267 3.7344065
267 3.7297764
267 3.730132
267 3.7256486
267 3.7359529
267 3.7311206
267 3.7313433
267 3.7269545
267 3.7320828
267 3.727446
268 3.7277644
268 3.7232177
268 3.7234857
268 3.7191386
268 3.7193558
268 3.7149694
268 3.7298417
267 3.7301178
267 3.7304847
267 3.725888
268 3.7262955
268 3.721915
268 3.7268713
267 3.7272582
268 3.7274988
267 3.728101
267 3.7233114
268 3.7238445
268 3.71936
268 3.7243679
268 3.7198932
268 3.720249
268 3.7157543
268 3.7161496
268 3.7118492
269 3.7119453
269 3.707518
269 3.7079213
269 3.7034028
268 3.7181284
268 3.7137504
268 3.718764
268 3.7143958
269 3.7145057
268 3.7198358
268 3.7153757
268 3.7251441
268 3.72097
266 3.7494924
266 3.7450356
266 3.7500296
266 3.7455828
266 3.755299
266 3.7509625
266 3.751219
266 3.7468445
266 3.7564437
266 3.752056
264 3.7757335
264 3.771263
265 3.7715816
265 3.7672317
265 3.77206
264 3.7818675
264 3.7773104
264 3.7775328
264 3.7732012
264 3.7780116
264 3.7737243
264 3.7738805
264 3.769781
265 3.7698376
265 3.7655096
265 3.7657614
265 3.7616894
264 3.7755017
264 3.7712045
264 3.7806149
264 3.7762525
264 3.7765243
264 3.772194
264 3.77247
264 3.7681541
265 3.7730374
265 3.768918
265 3.7644844
265 3.769236
265 3.7648292
265 3.765281
265 3.7609901
265 3.7613268
265 3.757084
265 3.7573395
265 3.753094
266 3.7534378
266 3.7491386
266 3.7540894
266 3.749749
266 3.75442
266 3.7503061
265 3.7639143
265 3.759716
265 3.7646391
265 3.760282
265 3.7693894
265 3.76547
265 3.7655463
265 3.7658215
265 3.7699077
265 3.7664368
265 3.7621777
265 3.7624056
265 3.7583091
265 3.7629433
265 3.7588549
265 3.7591846
265 3.7550762
266 3.7554257
266 3.751085
265 3.7601192
265 3.7561262
266 3.7564073
266 3.7523777
266 3.7568054
266 3.7527843
266 3.7573807
266 3.7532861
266 3.757856
266 3.753786
266 3.7498221
266 3.7545102
266 3.7502313
265 3.763598
265 3.7593825
265 3.759737
265 3.755808
264 3.7773137
264 3.773311
264 3.7736495
264 3.7694976
265 3.769695
265 3.7657652
265 3.7702649
265 3.7661824
265 3.766654
265 3.7624726
265 3.7627718
265 3.758874
265 3.7589698
265 3.755005
265 3.759731
265 3.7556787
265 3.7601416
265 3.7562234
266 3.7563534
266 3.7524319
266 3.7485027
266 3.748766
266 3.744786
265 3.7575777
265 3.7537067
265 3.758114
265 3.7541568
266 3.7545996
266 3.750514
266 3.7509906
266 3.7469482
266 3.7471635
266 3.743258
266 3.7561362
266 3.752105
266 3.7565153
266 3.7526467
266 3.752901
266 3.7490444
266 3.7533622
266 3.749513
266 3.7538984
266 3.750179
266 3.7584453
265 3.7588456
266 3.7588615
266 3.7554436
266 3.7512677
266 3.7509255
266 3.747693
266 3.7481472
266 3.7442245
266 3.7444987
266 3.7406938
266 3.74497
266 3.7412024
266 3.7455301
266 3.7417545
267 3.7420294
267 3.7384005
267 3.738468
267 3.7347448
267 3.7390227
267 3.7353513
267 3.7315376
267 3.7397456
267 3.736219
267 3.7363033
267 3.7325783
267 3.7409763
267 3.7371051
267 3.7413275
267 3.7376273
267 3.7379024
267 3.734183
267 3.7344463
267 3.7307382
267 3.7349122
267 3.731417
267 3.7315934
267 3.7280495
267 3.7321072
267 3.7283642
268 3.7287045
268 3.7250016
268 3.7252564
268 3.721637
268 3.7218804
268 3.7182424
268 3.718503
267 3.7305279
268 3.7304122
267 3.731198
267 3.7274525
268 3.7277029
268 3.724026
268 3.7243083
268 3.7207136
268 3.7248561
268 3.7212253
268 3.721667
268 3.7179747
268 3.7181892
268 3.7146213
269 3.7150106
269 3.7113674
269 3.7116158
269 3.7081964
268 3.7196817
268 3.7163756
269 3.7165189
268 3.7169461
268 3.7131407
268 3.725134
268 3.7214694
267 3.7369292
267 3.7334023
267 3.7413454
267 3.7376928
267 3.7379847
267 3.7345264
267 3.7384665
267 3.734859
267 3.7353075
267 3.7316391
267 3.73568
267 3.7322717
267 3.732383
267 3.7289004
267 3.736744
267 3.733305
267 3.7446296
267 3.7412329
267 3.741391
Start time: 17/12/2018 02:22:47.699
End time: 17/12/2018 02:27:14.722
Duration: 267023 milliseconds (267.023 seconds)
Average latency: 267 milliseconds
Reads average latency: 19 milliseconds
Writes average latency: 529 milliseconds
Average throughput: 3.7449956 operations per second
Number of requests: 1000
Number of reads: 514
Number of writes: 486
Number of timeouts: 0
Percentage of writes: 50%
Number of replicas: 12
