0 3.4843206
0 1.9685038
0 1.317523
0 0.96246386
576 1.525553
576 1.3351134
580 1.6510732
580 1.4925374
580 1.3274336
489 1.9920319
489 1.8201674
489 1.6420361
510 1.8088635
510 1.7050298
451 2.122016
451 2.0010006
460 2.1062486
460 2.0008893
465 2.0968757
465 1.9912386
477 2.0872865
477 1.9934758
485 2.0401225
453 2.1519616
453 2.0766773
462 2.146252
462 2.0734599
462 2.0008574
469 2.0624228
469 2.0002668
403 2.4456172
403 2.3690772
410 2.4096384
410 2.3471425
410 2.2833657
368 2.6542802
368 2.591233
373 2.6285355
373 2.5614753
365 2.694342
365 2.6318355
371 2.66185
371 2.6002972
367 2.716653
367 2.667378
370 2.6844475
370 2.6365027
370 2.5794642
376 2.6103272
376 2.5552983
380 2.5888445
380 2.5351462
374 2.637727
374 2.5908654
342 2.9052877
342 2.8532705
345 2.8729591
345 2.8254428
349 2.8451428
349 2.7996268
349 2.7490509
349 2.8374283
349 2.7895772
351 2.8130274
351 2.7670171
355 2.78771
355 2.7444663
351 2.8220353
351 2.78148
328 3.025114
328 2.9825547
331 2.9971693
331 2.9574456
336 2.9681597
330 2.9845972
330 2.9473684
334 2.958273
334 2.9215786
336 2.9356685
336 2.896958
334 2.9628167
334 2.9252596
337 2.9387677
337 2.903794
340 2.9165492
340 2.8807733
343 2.8954868
343 2.8606455
346 2.8658426
346 2.8448238
349 2.8556366
349 2.8258412
351 2.8387096
351 2.8071966
351 2.777427
349 2.8336875
349 2.8019285
352 2.8143737
352 2.7852902
349 2.8398864
349 2.810768
351 2.821206
351 2.795248
349 2.8439662
349 2.8165796
348 2.8681412
344 2.8762467
341 2.9250593
341 2.8969562
339 2.9436347
339 2.9165015
340 2.9278395
340 2.9002936
343 2.9108508
343 2.8861535
343 2.8597023
331 3.0082386
331 2.9829497
329 3.0241935
329 3.0001
327 3.040217
327 3.0157013
329 3.0227191
329 2.998259
328 3.0380557
328 3.0136726
327 3.0552142
317 3.1229506
317 3.0999103
319 3.1065452
319 3.0838754
321 3.0897853
321 3.0676692
323 3.0727923
323 3.050225
322 3.0865104
322 3.0641727
323 3.0714843
323 3.0493944
325 3.0561821
325 3.034514
327 3.0414824
327 3.0194585
326 3.053859
326 3.0327258
324 3.0674007
324 3.0474534
320 3.1071842
320 3.0866683
322 3.0917668
322 3.0714645
313 3.1822846
313 3.1634812
314 3.1673503
314 3.1465197
316 3.1537654
316 3.1338377
315 3.1628754
315 3.144496
317 3.1498425
317 3.1305902
318 3.1344092
318 3.1151118
320 3.120429
320 3.1016767
319 3.1309457
312 3.184866
312 3.1653855
311 3.1944344
311 3.1757236
310 3.203105
310 3.1852317
305 3.2595127
305 3.239964
304 3.266854
304 3.249926
301 3.2988386
301 3.2794986
303 3.2833755
303 3.2658682
304 3.2702124
304 3.2514608
305 3.2554786
305 3.2378633
307 3.2417014
307 3.2256677
308 3.2290485
308 3.212766
308 3.236862
308 3.2199004
307 3.2455297
307 3.228763
308 3.2324908
308 3.215898
310 3.219192
310 3.203428
309 3.2271814
309 3.2108886
310 3.2139485
310 3.200192
310 3.183003
310 3.2067776
310 3.190735
309 3.2157493
309 3.198627
311 3.2031372
311 3.1880362
308 3.229465
308 3.2147574
309 3.2180057
309 3.2023952
309 3.2262933
309 3.2106042
305 3.270478
305 3.254603
304 3.2765641
304 3.2612903
305 3.2662346
305 3.2504883
305 3.272192
305 3.2567985
306 3.2589123
303 3.2825112
303 3.2668655
299 3.3233218
299 3.3083293
293 3.400881
293 3.3853116
294 3.3879952
294 3.3740304
293 3.3927643
293 3.3788443
293 3.3968673
293 3.382476
293 3.402981
293 3.3897157
290 3.443154
290 3.428168
288 3.46316
288 3.4499426
286 3.4848409
286 3.4704432
287 3.4726794
287 3.4577127
288 3.461281
288 3.446202
285 3.4969563
285 3.4834216
285 3.5009394
285 3.4868283
286 3.4891503
286 3.4761906
286 3.4620128
287 3.4636397
287 3.449898
287 3.4659338
287 3.4548764
287 3.4718995
287 3.4590852
288 3.4611654
288 3.447325
285 3.4952762
285 3.4818308
286 3.483793
286 3.4707553
287 3.4719093
287 3.4605706
287 3.447195
285 3.4937484
285 3.481533
286 3.482521
286 3.469976
284 3.501216
284 3.488389
284 3.5054035
284 3.4923992
284 3.5079613
284 3.4958997
285 3.4973555
285 3.484619
286 3.487495
286 3.4745858
282 3.5331693
282 3.5202343
283 3.5218186
283 3.509557
283 3.52515
283 3.5135963
281 3.5422227
281 3.530596
280 3.5590122
280 3.548091
281 3.5484705
281 3.5370297
282 3.5379755
282 3.5265028
282 3.5416582
282 3.5293486
282 3.5442498
282 3.5328622
280 3.560279
279 3.5625834
279 3.5506864
279 3.5647106
279 3.5541916
280 3.5547657
280 3.543143
281 3.5444417
281 3.5336602
281 3.5474257
281 3.537023
280 3.5502806
280 3.5393932
281 3.5410402
281 3.529397
281 3.5439897
281 3.5326326
281 3.5465899
281 3.53605
277 3.5991454
277 3.587891
278 3.5897052
278 3.5781057
278 3.5794957
278 3.5682206
278 3.582866
278 3.570992
278 3.585016
278 3.5737295
279 3.574891
279 3.564653
279 3.577408
279 3.567139
280 3.5680077
280 3.5574021
280 3.5588036
280 3.5482454
281 3.549456
281 3.5390716
279 3.5757134
279 3.5650206
279 3.555514
279 3.5680969
279 3.557395
280 3.5591314
280 3.5483947
279 3.5611389
279 3.5509489
279 3.563694
279 3.5535953
277 3.5889258
277 3.5787728
278 3.5799253
278 3.5698552
277 3.5934348
277 3.5843904
278 3.584631
278 3.5747402
279 3.575805
279 3.5659535
279 3.5671952
279 3.5571463
280 3.558719
280 3.5495286
280 3.5600832
280 3.5519903
280 3.563295
280 3.5534594
281 3.5556712
281 3.545141
280 3.5576062
280 3.5477386
281 3.548913
281 3.5394635
282 3.5406158
282 3.5312762
282 3.54309
282 3.5337558
282 3.53465
282 3.5258334
282 3.5170972
282 3.527946
282 3.5195456
283 3.5205033
283 3.5111046
282 3.5333858
282 3.5239286
281 3.545624
281 3.5372386
282 3.5379899
282 3.5293758
281 3.5405633
281 3.5311956
282 3.5326362
282 3.5234084
283 3.5246472
283 3.5160184
283 3.5268936
283 3.5184793
283 3.5193315
283 3.5104864
284 3.5120184
284 3.5033743
281 3.554209
281 3.5449789
280 3.5563698
280 3.5472145
281 3.5483239
281 3.5400999
282 3.5403926
282 3.5324686
282 3.5336375
282 3.525048
283 3.5262632
283 3.5173943
282 3.5378833
282 3.5293329
281 3.5476933
281 3.5415294
281 3.5326605
282 3.534173
282 3.5254316
282 3.536008
282 3.5275695
282 3.5290463
282 3.520862
283 3.5216215
283 3.5134933
284 3.5145946
284 3.506259
283 3.5174992
283 3.5086746
284 3.509809
284 3.5015619
285 3.503416
285 3.4951882
285 3.4961834
285 3.4887118
284 3.507685
284 3.4993956
285 3.5005307
285 3.4924858
286 3.493032
286 3.4862037
286 3.4869509
286 3.4798517
287 3.4802368
287 3.4732764
287 3.4648306
284 3.5022845
284 3.493775
284 3.5041766
284 3.496133
285 3.4971812
285 3.4895885
285 3.4906158
285 3.4830096
285 3.492809
285 3.4854743
286 3.4865625
286 3.4793625
286 3.4889963
286 3.48104
286 3.4821281
286 3.4750295
286 3.4842906
286 3.4774566
285 3.4954276
285 3.4875886
286 3.4893024
286 3.4817462
286 3.4825492
286 3.4751582
287 3.476148
287 3.46924
287 3.4700634
287 3.4626443
287 3.4729195
287 3.4653506
288 3.4661179
288 3.4589992
288 3.4600642
288 3.4528155
289 3.454203
289 3.4473374
289 3.4403293
288 3.4572806
288 3.4509327
289 3.451378
289 3.444448
289 3.4538937
289 3.446818
289 3.4482758
289 3.4407384
288 3.4583342
288 3.45114
288 3.4602911
288 3.453316
289 3.4544115
289 3.4474208
289 3.448909
289 3.4416826
290 3.4431758
290 3.4362352
289 3.4531643
289 3.4464223
288 3.4628825
288 3.4567473
288 3.4651833
288 3.4583895
288 3.4596117
288 3.4526665
288 3.4615023
288 3.4546885
289 3.4561498
289 3.4492917
289 3.458387
289 3.451844
288 3.4598877
288 3.4615386
288 3.454311
288 3.4556475
288 3.449146
289 3.449934
289 3.4432588
289 3.4522352
289 3.4454236
289 3.4540484
289 3.447572
289 3.4488742
289 3.4420168
290 3.4434278
290 3.4366324
289 3.4452026
289 3.438661
290 3.4403243
290 3.4334574
290 3.4345102
290 3.4282916
290 3.4367568
290 3.4305062
288 3.4681227
288 3.4616604
287 3.4705882
287 3.463788
283 3.5232933
283 3.516853
284 3.5177345
284 3.511328
282 3.5412514
282 3.5351336
282 3.5429392
282 3.5369935
282 3.5306602
281 3.545767
281 3.5391355
280 3.5616064
280 3.5555556
280 3.5558164
280 3.5497718
281 3.5503213
281 3.5439794
281 3.544865
281 3.5385303
282 3.539397
282 3.5330694
282 3.533918
282 3.5276225
280 3.5568926
280 3.550329
281 3.55139
281 3.5451818
281 3.5459754
281 3.5398476
282 3.540377
282 3.534305
282 3.5419698
282 3.5357695
282 3.5371084
282 3.530791
281 3.5452204
281 3.5390568
281 3.546683
281 3.5405867
282 3.5415654
282 3.5358362
282 3.5361931
282 3.530396
281 3.55118
281 3.5455945
281 3.5392601
281 3.540373
281 3.5341172
282 3.5348773
282 3.528937
282 3.5367465
282 3.5304916
282 3.5314894
282 3.5256174
283 3.526408
283 3.5206347
280 3.5612254
280 3.555131
280 3.562442
280 3.5566251
280 3.5574741
280 3.5516605
280 3.5653908
280 3.5597475
279 3.5732784
279 3.5676413
279 3.5817697
279 3.5756464
278 3.5955994
278 3.5900803
276 3.6034281
276 3.6107404
276 3.6050847
276 3.6057692
276 3.599698
277 3.6003659
277 3.5948553
277 3.6014636
277 3.595716
276 3.6091611
276 3.6034424
276 3.610569
276 3.6049578
276 3.6052878
276 3.5995202
277 3.6004515
277 3.5944817
277 3.6014633
277 3.5957606
277 3.5964425
277 3.5907884
277 3.604237
277 3.598588
277 3.599081
277 3.59384
277 3.5939128
277 3.5885837
276 3.607616
276 3.6022162
276 3.6155486
276 3.6094825
276 3.6162677
276 3.6105986
276 3.6179183
276 3.6118186
276 3.612659
276 3.6071408
277 3.607477
277 3.602204
277 3.6027896
277 3.5973635
277 3.603823
277 3.598325
277 3.5991526
277 3.593787
278 3.5944014
278 3.5888853
278 3.589592
277 3.5961905
277 3.5965383
277 3.59736
277 3.5919669
277 3.604661
277 3.5989287
277 3.5998712
277 3.5941634
277 3.595281
277 3.5894907
278 3.5900571
278 3.5849304
278 3.5858202
278 3.5801003
278 3.5806983
278 3.5754676
279 3.576113
279 3.57103
279 3.5772722
279 3.5724325
279 3.5786963
279 3.5735347
279 3.5739272
279 3.5687048
279 3.569539
279 3.564421
280 3.564742
280 3.5600991
280 3.5603027
280 3.5551248
281 3.5559502
281 3.550875
281 3.5513773
281 3.5461605
280 3.5578625
280 3.553648
280 3.565368
280 3.5601606
280 3.555535
279 3.567588
279 3.5621154
280 3.5626962
280 3.5579126
280 3.5583565
280 3.5533109
281 3.5539408
281 3.548936
281 3.54979
281 3.5446053
281 3.5507739
281 3.54602
281 3.55205
281 3.5471096
281 3.5477412
281 3.5428202
281 3.5489595
281 3.5443263
280 3.5668917
280 3.561932
280 3.562538
280 3.5576572
280 3.5582478
280 3.5533273
280 3.5650036
280 3.5600288
280 3.5608473
280 3.55595
281 3.556655
281 3.551505
281 3.5522332
281 3.547684
281 3.547971
280 3.5541549
280 3.5491207
280 3.5553436
280 3.5505905
281 3.55091
281 3.546578
281 3.5468447
281 3.5419762
281 3.5428011
281 3.5383122
281 3.5438178
281 3.5395105
281 3.5503843
281 3.5461183
281 3.5463262
281 3.5416234
281 3.5475326
281 3.542822
281 3.543447
281 3.5386603
282 3.5396452
282 3.5350254
282 3.5405607
282 3.5358963
280 3.5575016
280 3.5530887
279 3.5743716
279 3.5700805
279 3.5705123
279 3.5656028
280 3.5666356
280 3.5616138
280 3.562166
280 3.5575528
280 3.5581274
280 3.5536788
280 3.5592165
280 3.554668
281 3.5553534
281 3.5509493
281 3.5461726
281 3.5469208
281 3.54238
281 3.5428765
281 3.5380986
281 3.553999
281 3.5498722
280 3.5551922
280 3.5506942
281 3.5511763
281 3.5470738
281 3.5473247
281 3.5428414
281 3.5434208
281 3.5388644
280 3.5599246
280 3.555376
280 3.560765
280 3.556532
280 3.5618699
280 3.5576637
280 3.558201
280 3.553582
281 3.5543184
281 3.5496094
281 3.5503492
281 3.5459402
281 3.5565383
281 3.5520444
281 3.5526009
281 3.5481582
280 3.563799
280 3.5592299
280 3.5597746
280 3.5551693
281 3.5559633
281 3.5514092
281 3.5518737
281 3.547894
281 3.5483096
281 3.5537126
281 3.5493631
280 3.5646179
280 3.5600917
280 3.5655231
280 3.561198
280 3.5665975
280 3.5622642
279 3.5773919
279 3.5730388
278 3.5880823
278 3.5837095
278 3.5890598
278 3.5847483
277 3.594869
277 3.5905433
277 3.6054745
277 3.6010947
277 3.6017284
277 3.5974495
277 3.5977936
277 3.5934954
278 3.5939631
278 3.5896287
278 3.5902882
278 3.5860534
278 3.5911248
278 3.5868993
278 3.5920424
278 3.5879788
278 3.588449
278 3.584263
278 3.5845673
278 3.5803795
279 3.580873
279 3.5766826
279 3.5771458
279 3.572986
279 3.5781527
279 3.5739849
279 3.5744655
279 3.5704618
279 3.5661342
279 3.5714288
279 3.56711
279 3.5675962
279 3.5636563
280 3.5640297
280 3.559905
280 3.5650048
280 3.5608556
280 3.56151
280 3.5573905
280 3.5581782
280 3.553925
280 3.5587678
280 3.5550785
280 3.5598438
280 3.5557384
280 3.560866
280 3.5567527
280 3.5663958
280 3.5622852
279 3.5766292
279 3.572435
279 3.5729365
279 3.5689507
280 3.569649
280 3.5653043
279 3.5702987
279 3.5662856
280 3.5668066
280 3.562726
279 3.5723765
279 3.568347
279 3.5734005
279 3.5692186
280 3.569701
280 3.5656924
280 3.5661297
280 3.5620546
280 3.5582428
280 3.5631568
280 3.5592098
280 3.5596519
280 3.5558596
280 3.556399
280 3.552256
279 3.5708125
279 3.566583
280 3.5670612
280 3.563113
280 3.5679674
280 3.564231
278 3.582087
278 3.5782967
279 3.5787904
279 3.57473
279 3.5795553
279 3.5756748
279 3.576138
279 3.5722542
279 3.577046
279 3.573185
276 3.6127293
276 3.6090107
276 3.6092
276 3.605618
274 3.6405036
274 3.636568
273 3.6542382
273 3.6503437
273 3.6505158
273 3.6468222
274 3.6470451
274 3.643097
273 3.6520784
273 3.6481175
273 3.6572466
273 3.6533666
273 3.6578069
273 3.6538725
273 3.6501331
272 3.6592276
272 3.6551638
273 3.6553903
273 3.6514945
273 3.6562607
273 3.652403
272 3.6610503
272 3.6573198
272 3.6619515
272 3.6578882
272 3.6668787
272 3.6628802
272 3.663173
272 3.6594946
272 3.6640646
272 3.6600397
273 3.6606104
273 3.6566436
272 3.661182
272 3.65733
272 3.6660593
272 3.6621947
272 3.666861
272 3.6630645
272 3.6715841
272 3.6676998
272 3.6683939
272 3.6642928
272 3.66464
272 3.6609604
273 3.6614614
273 3.6576867
273 3.662204
273 3.6581202
273 3.6585917
273 3.655076
273 3.659202
273 3.655588
273 3.6557906
272 3.6646066
272 3.660729
272 3.6650667
272 3.6612563
272 3.6698966
272 3.6661932
272 3.6664133
272 3.6627955
272 3.667209
272 3.663375
272 3.6677637
272 3.6640701
272 3.6685388
272 3.6648517
272 3.6690738
272 3.665379
272 3.6656864
272 3.6621938
272 3.6703877
272 3.6666772
272 3.671225
272 3.667418
272 3.6678972
272 3.6640282
272 3.6645098
272 3.6609147
273 3.6611211
273 3.657391
273 3.6579063
273 3.6541433
273 3.6544719
273 3.6508503
273 3.6511815
273 3.6477723
273 3.655881
273 3.6522145
273 3.6527448
273 3.6489592
273 3.6495056
273 3.6497786
273 3.646222
273 3.6464405
273 3.6428516
273 3.647076
273 3.6438642
274 3.6439416
274 3.6403122
274 3.640862
274 3.637129
274 3.6415613
274 3.6378918
274 3.6422296
274 3.6385098
274 3.6392274
274 3.6355605
274 3.6357439
274 3.6322422
274 3.636434
274 3.632938
275 3.633264
275 3.629932
275 3.6300924
275 3.6269648
275 3.626989
275 3.6236336
274 3.6433084
274 3.6396935
273 3.6553764
273 3.6517563
273 3.652103
273 3.6485486
273 3.6490784
273 3.6454782
274 3.64576
274 3.6425996
273 3.6502032
273 3.6470587
274 3.6469924
274 3.643677
274 3.640244
274 3.640515
274 3.6373527
274 3.6377635
274 3.6340468
274 3.6343503
274 3.631123
274 3.6426105
274 3.6391635
274 3.64717
274 3.6435606
274 3.6440856
274 3.6405542
274 3.6409583
274 3.637613
273 3.65643
273 3.6531858
273 3.6533725
273 3.64992
272 3.66171
272 3.6580656
273 3.6583962
273 3.6549654
273 3.6590152
273 3.6556442
272 3.6670523
272 3.663748
272 3.6640985
272 3.660546
272 3.672097
272 3.6685026
272 3.6691313
272 3.6654923
Start time: 17/12/2018 12:57:35.082
End time: 17/12/2018 01:02:07.580
Duration: 272498 milliseconds (272.498 seconds)
Average latency: 272 milliseconds
Reads average latency: 8 milliseconds
Writes average latency: 510 milliseconds
Average throughput: 3.669752 operations per second
Number of requests: 1000
Number of reads: 475
Number of writes: 525
Number of timeouts: 0
Percentage of writes: 50%
Number of replicas: 4
