0 3.3898306
0 1.9493177
367 2.5542784
166 4.793864
204 4.5836515
204 3.9656312
223 4.3907795
202 4.468719
202 3.975265
243 3.976143
243 3.635042
243 3.2808397
242 3.9144835
242 3.690037
231 4.2384105
231 3.998001
232 4.2085576
232 3.998223
235 4.199916
235 3.9793077
250 3.9817975
240 3.9920158
254 3.9075773
245 3.9702232
245 3.8314176
259 3.8372986
259 3.7004144
259 3.5709186
270 3.572901
270 3.4652808
281 3.4735625
281 3.364905
291 3.371869
291 3.288701
291 3.195253
302 3.205837
302 3.1297216
301 3.2580135
301 3.1749284
299 3.2917707
299 3.2154343
298 3.326048
298 3.2491643
305 3.2588034
305 3.1997154
295 3.376331
295 3.3157625
295 3.2440524
253 3.9142137
253 3.8317235
256 3.8428357
256 3.763152
253 3.9174325
253 3.8512814
257 3.848388
257 3.7795053
262 3.7828372
262 3.7202892
266 3.7247732
266 3.6652007
272 3.6644418
260 3.8037522
260 3.739621
255 3.874758
255 3.8113973
256 3.877613
256 3.817477
259 3.8206077
259 3.7633164
263 3.7662635
263 3.713289
264 3.7735848
264 3.7256188
268 3.7228875
268 3.6766665
268 3.6308146
265 3.73599
265 3.6896586
261 3.7953546
261 3.7453184
264 3.75216
264 3.7046065
255 3.9015462
255 3.8551235
257 3.8546512
257 3.809347
261 3.8139877
261 3.7681026
264 3.7607448
264 3.7331674
264 3.7775629
264 3.7381551
264 3.6982884
267 3.6997662
267 3.6605377
264 3.7498438
264 3.7078235
267 3.7111049
267 3.672761
269 3.6792643
269 3.6415453
270 3.6841075
270 3.648785
272 3.6504765
272 3.615329
275 3.622368
273 3.6227825
269 3.7020586
269 3.6664956
269 3.7067995
269 3.6750135
269 3.7128272
269 3.6779008
271 3.6818852
271 3.6506503
271 3.6171973
274 3.6230645
274 3.5926116
274 3.6285446
274 3.59964
264 3.7667272
264 3.7363575
262 3.8022814
262 3.771517
264 3.7731023
264 3.74413
264 3.7777429
264 3.7483602
264 3.719431
264 3.7519991
264 3.724622
264 3.755755
264 3.7288744
264 3.7597349
264 3.7309015
266 3.7327693
266 3.7057571
268 3.7085326
268 3.681864
269 3.6841354
269 3.6580179
260 3.8295834
260 3.8018563
260 3.8307796
260 3.8054268
259 3.833831
259 3.8089018
261 3.8092666
261 3.7841172
263 3.7843456
263 3.7594981
265 3.760486
265 3.738269
265 3.764083
265 3.73933
265 3.7687476
265 3.744937
266 3.7444654
266 3.7227085
263 3.7994301
263 3.77621
264 3.7757268
264 3.7524834
264 3.7782762
264 3.756574
264 3.7808547
264 3.7592185
265 3.7601142
262 3.7856383
262 3.7634661
256 3.8817697
256 3.859119
257 3.8602006
257 3.8370519
256 3.8833177
256 3.8631973
257 3.863359
257 3.8407116
259 3.8414292
259 3.8209486
259 3.8443692
259 3.8223276
260 3.8232148
260 3.8025293
257 3.8680956
257 3.8489656
257 3.8702505
257 3.850736
258 3.8509552
258 3.8298857
260 3.8314977
260 3.811706
259 3.853804
259 3.8340237
257 3.8750155
257 3.8560412
259 3.8561456
259 3.8366013
260 3.8364198
260 3.8199236
260 3.7994072
261 3.8003247
261 3.7813883
263 3.7840912
263 3.7639441
263 3.7852318
263 3.767388
264 3.7674193
264 3.750263
265 3.7508807
265 3.7326865
264 3.7731578
264 3.7548108
265 3.7560966
265 3.737866
267 3.7398403
267 3.7216501
265 3.7613988
265 3.7432668
266 3.7446375
266 3.7269554
268 3.7267082
268 3.712738
268 3.6953068
269 3.6976464
269 3.6795924
270 3.6825597
270 3.665702
271 3.6672256
271 3.652047
271 3.6694708
271 3.6551094
272 3.6540177
272 3.6384757
273 3.6409419
273 3.6267498
275 3.6285696
275 3.6127775
275 3.6302195
275 3.6163652
274 3.63395
274 3.6189375
274 3.637022
274 3.622001
275 3.6236615
275 3.6087587
275 3.6272366
275 3.612845
274 3.6452396
270 3.6785285
270 3.6642292
270 3.6823058
270 3.6679263
271 3.6680782
271 3.6535265
272 3.653681
272 3.6413999
270 3.6886642
270 3.6750512
271 3.6763008
271 3.6616006
272 3.6629477
272 3.648858
273 3.6501877
273 3.637132
273 3.6521032
273 3.6401224
273 3.6260538
272 3.6570683
272 3.6442826
273 3.6446266
273 3.6314986
274 3.632848
274 3.6195397
274 3.6360993
274 3.6226108
275 3.6232407
275 3.6107833
276 3.6120229
276 3.5997944
274 3.6290667
274 3.6167135
275 3.617761
275 3.6045167
275 3.6198332
275 3.607786
276 3.6085489
276 3.5967226
277 3.597371
277 3.585564
276 3.613779
276 3.6026905
274 3.6438074
274 3.63206
273 3.6597762
273 3.6479092
273 3.6491928
273 3.63651
274 3.6376765
274 3.62599
275 3.6265094
275 3.6153672
275 3.6032944
276 3.6045043
276 3.59283
276 3.6068528
276 3.5950606
276 3.609171
276 3.5981932
275 3.6246371
275 3.6140084
275 3.6141798
275 3.6030972
271 3.680966
271 3.6688628
271 3.6703749
271 3.6586134
272 3.6595948
272 3.64872
272 3.6619506
272 3.6499987
271 3.6764705
271 3.6645908
272 3.6657162
272 3.6541703
270 3.6931157
270 3.6808765
270 3.6945813
270 3.68295
271 3.6837769
271 3.6732275
271 3.6735923
271 3.6630476
271 3.6760743
271 3.6646652
271 3.677652
271 3.6667416
271 3.6794283
271 3.6691403
271 3.6814
271 3.6703918
271 3.6606047
272 3.6612098
272 3.6506958
272 3.6628761
272 3.65225
272 3.653168
272 3.6431756
273 3.6437385
273 3.6334136
274 3.6343336
274 3.6244645
273 3.6477332
273 3.6379247
273 3.6495938
273 3.6404085
274 3.6404777
274 3.6308386
274 3.6428857
274 3.6324453
272 3.6667366
272 3.656408
271 3.6797516
271 3.670249
271 3.6808205
271 3.6716094
270 3.6938968
270 3.6837015
269 3.7072768
269 3.6962981
269 3.708375
269 3.6980896
270 3.6988592
270 3.6890109
270 3.6897614
270 3.6800287
271 3.6808383
271 3.6711416
271 3.6822114
271 3.673027
271 3.6639266
271 3.6743538
271 3.665605
272 3.6661701
272 3.6563833
271 3.678299
271 3.6684542
271 3.6691573
271 3.6604803
271 3.6814094
271 3.6724465
270 3.68326
270 3.6735148
271 3.6746047
271 3.6654143
272 3.6659262
272 3.656915
271 3.6779115
271 3.6690993
272 3.669156
272 3.6599352
272 3.6611087
272 3.652098
273 3.6530674
273 3.6435807
272 3.6645913
272 3.6551573
273 3.6560025
273 3.6475294
273 3.6572876
273 3.6491024
273 3.6596968
273 3.6508014
273 3.6517153
273 3.642531
273 3.653249
273 3.645049
273 3.635633
273 3.6445165
273 3.6376448
272 3.666657
272 3.6579702
272 3.6587787
272 3.650048
273 3.6512492
273 3.642782
273 3.643243
273 3.6348348
274 3.6356516
274 3.6270297
272 3.6658592
272 3.6566625
272 3.6666913
272 3.6580758
271 3.687187
271 3.6785278
270 3.688247
270 3.6803653
270 3.6897678
270 3.6810484
271 3.6817715
271 3.6733105
271 3.6822438
271 3.6752453
271 3.684499
271 3.6770313
271 3.6769311
271 3.6695774
271 3.6606545
272 3.6614735
272 3.6532595
272 3.6633277
272 3.6549191
272 3.6644232
272 3.6564677
272 3.6571248
272 3.6494753
273 3.649858
273 3.6421938
274 3.6429398
274 3.6354172
273 3.6533632
273 3.6450324
272 3.663351
272 3.6555367
273 3.655805
273 3.648635
273 3.6494792
273 3.6409526
273 3.6593878
273 3.6514635
273 3.6518924
273 3.6441422
273 3.6532068
273 3.6459472
273 3.6547863
273 3.646973
273 3.6485355
273 3.6405842
273 3.6493006
273 3.6418061
274 3.6424885
274 3.6348581
274 3.6358528
273 3.6451502
273 3.6377404
271 3.670674
271 3.6639345
270 3.6966157
270 3.6894946
270 3.6900067
270 3.682448
271 3.6834505
271 3.6757264
271 3.6760547
271 3.6688519
272 3.67002
272 3.6620035
272 3.6626806
272 3.655269
273 3.6563654
273 3.6487045
271 3.6816158
271 3.674195
267 3.73025
267 3.722967
268 3.7230728
268 3.716477
268 3.7243657
268 3.7170348
268 3.725619
268 3.7181401
267 3.7342522
267 3.7269015
268 3.7278368
268 3.7203534
267 3.736626
267 3.736817
267 3.7371511
267 3.7306545
267 3.7231796
268 3.7237098
268 3.7167044
268 3.7169616
268 3.7097697
268 3.7258675
268 3.718516
268 3.719049
268 3.7120762
268 3.7128992
268 3.705517
269 3.7064602
269 3.699146
267 3.730002
267 3.722613
268 3.723797
268 3.7163649
268 3.717168
268 3.7101622
268 3.725512
268 3.7187364
268 3.7188985
268 3.7122695
268 3.720178
268 3.713489
267 3.735607
267 3.7290514
267 3.7368443
267 3.7300656
267 3.7374752
267 3.731018
267 3.7315054
267 3.724947
267 3.7182772
268 3.718624
268 3.7116697
268 3.7122936
268 3.705987
269 3.7062476
269 3.6996565
269 3.707057
269 3.7004354
269 3.7084136
269 3.7017863
269 3.7021046
269 3.6954863
270 3.69631
270 3.6894653
270 3.6903481
270 3.6835384
270 3.691381
270 3.6849282
270 3.699438
270 3.6930451
270 3.6932964
270 3.6870902
270 3.6879904
270 3.6809733
271 3.6820834
271 3.675507
271 3.6759138
271 3.6695232
271 3.6769245
271 3.6708808
272 3.6713681
272 3.6654289
271 3.6861396
271 3.680222
271 3.68044
271 3.674302
271 3.6677132
271 3.6821587
271 3.6756525
271 3.6761734
271 3.669996
270 3.6910026
270 3.6844752
270 3.6919124
270 3.6857743
269 3.69963
269 3.6935732
270 3.6940084
270 3.6876874
270 3.6881554
270 3.6822307
270 3.6896472
270 3.6833503
271 3.6837742
271 3.6781366
271 3.684642
271 3.678829
271 3.6862502
271 3.6799488
271 3.6801825
271 3.6745338
271 3.6877131
271 3.6819518
271 3.6826572
271 3.6767557
271 3.6705413
269 3.7097623
269 3.7040849
269 3.7107656
269 3.7045822
269 3.7114537
269 3.705573
269 3.7061605
269 3.7004013
269 3.7005718
269 3.6946518
270 3.69544
270 3.689313
270 3.6963787
270 3.6902928
270 3.6910598
270 3.6850247
271 3.6857736
271 3.679997
269 3.7116551
269 3.70625
269 3.7123694
269 3.7068648
269 3.7070441
269 3.7014954
269 3.7146826
269 3.7084503
269 3.708901
269 3.7030866
269 3.7041147
269 3.6978698
270 3.6985838
270 3.6929343
270 3.693382
270 3.687735
269 3.706508
269 3.700926
270 3.7011335
270 3.6954873
270 3.6961734
270 3.690663
270 3.6971598
270 3.69755
270 3.6980953
269 3.6985056
270 3.698692
270 3.693361
270 3.6878242
270 3.6943896
270 3.6885147
270 3.689332
270 3.6834826
270 3.6904323
270 3.684489
271 3.6849134
271 3.679651
270 3.692242
270 3.686353
269 3.7044902
269 3.6993184
269 3.7054248
269 3.7001579
269 3.7003374
269 3.6953313
267 3.7364924
267 3.7311037
267 3.7312562
267 3.726021
268 3.7264192
268 3.7210763
268 3.726953
268 3.7220988
268 3.7278283
268 3.7224066
267 3.7345257
267 3.7291958
267 3.7352886
267 3.7301655
267 3.7296546
267 3.7252367
268 3.7253525
268 3.7202933
268 3.714761
268 3.7154415
268 3.7097425
268 3.7214582
268 3.7164614
268 3.7166731
268 3.7114031
268 3.723092
268 3.717849
268 3.7182457
268 3.7130451
268 3.724583
268 3.7195961
268 3.7197802
268 3.714814
268 3.7150047
268 3.7098517
269 3.7101934
269 3.70535
269 3.7054913
269 3.700339
269 3.7120428
269 3.7067318
269 3.7126324
269 3.7074988
269 3.7134638
269 3.708282
269 3.7143922
269 3.709284
269 3.7097833
269 3.704412
269 3.7049365
269 3.700192
270 3.7002976
270 3.6955917
270 3.6901371
269 3.7018168
269 3.6966476
270 3.696758
270 3.6922479
270 3.6923044
270 3.6872363
270 3.6986265
270 3.6939397
270 3.6992161
270 3.6947196
270 3.7000203
270 3.6955743
270 3.6955664
270 3.6906657
270 3.6963758
270 3.6914675
270 3.697201
270 3.6922066
270 3.6930046
270 3.6881845
270 3.6935024
270 3.6886368
270 3.6942508
270 3.6896684
270 3.689766
270 3.6853364
271 3.685613
271 3.6805453
271 3.6814427
271 3.6762598
271 3.6818697
271 3.6771016
271 3.677521
271 3.6729233
271 3.678299
271 3.6736743
271 3.6691937
271 3.6794875
271 3.675163
271 3.6754675
271 3.6706305
270 3.6919127
270 3.6867256
270 3.6872778
270 3.682582
271 3.683025
271 3.6781585
271 3.678475
271 3.6742256
271 3.6744902
271 3.6696596
272 3.6700783
272 3.665359
271 3.6761546
271 3.6714575
270 3.6918235
270 3.6874347
270 3.687568
270 3.6832135
271 3.6835926
271 3.6788108
271 3.6793969
271 3.6745224
271 3.675112
271 3.6705484
272 3.6710317
272 3.666393
272 3.671776
272 3.6671844
272 3.6727715
272 3.6680624
272 3.6684728
272 3.6639261
272 3.6742587
272 3.669553
272 3.6698694
272 3.6657574
272 3.6659696
272 3.661675
272 3.6570141
272 3.6674278
272 3.6625743
272 3.6630037
272 3.6585603
272 3.6638412
272 3.65939
272 3.6646926
272 3.6602335
272 3.6606448
272 3.6561835
273 3.6566162
273 3.6522236
272 3.6622622
272 3.6578557
272 3.667899
272 3.6634433
272 3.664005
272 3.6596522
272 3.6694877
272 3.6651042
272 3.665486
272 3.6610656
272 3.6616433
272 3.6573243
272 3.6623077
272 3.6579986
273 3.6583169
273 3.6541784
273 3.6545699
273 3.6503072
273 3.65053
273 3.646454
271 3.6843245
271 3.680013
271 3.685048
271 3.680763
270 3.6951694
270 3.6908655
270 3.6912093
270 3.6868856
271 3.687216
269 3.71105
269 3.7067525
268 3.7208223
268 3.7167132
268 3.7169037
268 3.7126021
268 3.7175238
268 3.7131972
268 3.7229085
268 3.7186027
268 3.7192175
268 3.7147717
268 3.72401
268 3.7201493
268 3.720129
268 3.715839
268 3.7163844
268 3.7121084
269 3.7122674
269 3.707989
269 3.7085235
269 3.704175
269 3.7090676
269 3.7049298
269 3.7054822
269 3.7011566
269 3.7148511
269 3.7106757
269 3.7110353
269 3.70679
269 3.7117856
269 3.7075984
269 3.70801
269 3.7036705
269 3.708481
269 3.7043169
269 3.704581
269 3.7003644
269 3.6964042
270 3.6967094
270 3.692795
270 3.6929066
270 3.688972
270 3.6982348
270 3.6939268
270 3.694641
270 3.6902652
270 3.6950216
270 3.6909318
270 3.6956444
270 3.6917744
269 3.7094827
269 3.7055573
269 3.7059126
269 3.7018702
269 3.702018
269 3.6981828
269 3.702701
269 3.6986797
268 3.7164032
268 3.7123919
268 3.7170033
268 3.7132583
268 3.7179236
268 3.7137349
268 3.7226858
268 3.7186615
268 3.7232847
268 3.7193167
268 3.7194107
268 3.7156475
269 3.7157934
269 3.7117708
269 3.7120957
269 3.70807
269 3.7085729
269 3.7046385
269 3.7090213
269 3.7052057
269 3.7012398
269 3.7060227
269 3.701907
269 3.7020824
269 3.6981368
269 3.7028553
269 3.6989489
269 3.703312
269 3.6995382
270 3.6999025
270 3.695797
269 3.7089643
269 3.7049198
269 3.7051678
269 3.7014475
269 3.7059731
269 3.7020576
269 3.7108083
269 3.7067873
269 3.7070937
269 3.7031934
269 3.7077045
269 3.7037961
269 3.7042584
269 3.7004237
270 3.7005963
270 3.6966815
270 3.697348
270 3.693383
270 3.693532
270 3.6898234
270 3.6944237
270 3.6906152
270 3.6992183
270 3.6952603
270 3.695543
270 3.6919765
270 3.7001638
270 3.6965091
270 3.6927562
270 3.6969333
270 3.6935196
269 3.709901
269 3.7060444
268 3.7187138
268 3.714961
268 3.7232594
268 3.7195854
268 3.720051
268 3.7159958
268 3.7203314
268 3.7165701
268 3.7169614
268 3.7132258
268 3.721429
268 3.717682
268 3.7179358
268 3.7143939
268 3.718517
268 3.714907
269 3.7152522
269 3.7113998
269 3.7118366
269 3.7079213
268 3.7163444
268 3.7126985
269 3.7128367
269 3.709069
268 3.7254386
268 3.7216065
268 3.7218678
268 3.7181795
268 3.7224038
268 3.718928
268 3.719059
268 3.7153292
269 3.7158005
269 3.7119496
269 3.7124376
269 3.7087145
269 3.7051005
269 3.7132697
269 3.7094548
267 3.7294428
267 3.7258377
267 3.7298992
267 3.7261841
268 3.7266548
268 3.722834
268 3.7232926
268 3.7195406
267 3.7315753
267 3.7279239
268 3.72826
268 3.7244885
268 3.7247407
268 3.7211533
267 3.7291229
267 3.725696
268 3.7257738
268 3.7223568
268 3.7224233
268 3.7192163
268 3.7268274
268 3.7233799
267 3.7352927
267 3.731586
267 3.7433543
267 3.7396472
266 3.7475505
266 3.7439032
266 3.7443473
266 3.7406533
267 3.7408574
267 3.7376
267 3.737494
267 3.7342887
267 3.7306361
267 3.7343676
267 3.73116
267 3.7387488
267 3.735501
266 3.7433677
266 3.7395437
266 3.747279
266 3.7439516
266 3.7478104
266 3.7442636
266 3.7484243
266 3.7447147
266 3.74515
266 3.741521
Start time: 17/12/2018 12:57:35.078
End time: 17/12/2018 01:02:02.456
Duration: 267378 milliseconds (267.378 seconds)
Average latency: 267 milliseconds
Reads average latency: 11 milliseconds
Writes average latency: 508 milliseconds
Average throughput: 3.7400236 operations per second
Number of requests: 1000
Number of reads: 485
Number of writes: 515
Number of timeouts: 0
Percentage of writes: 50%
Number of replicas: 4
