0 3.3557045
0 1.9607843
0 1.2804097
0 0.9606148
408 2.2953327
408 1.98544
440 2.197802
440 1.9880714
440 1.7683465
356 2.7866242
356 2.536232
356 2.2973416
384 2.4103646
384 2.2720819
364 2.6511135
364 2.4931438
348 2.8070176
348 2.6601639
336 2.9343953
336 2.7866242
350 2.84522
350 2.7173913
364 2.7192388
331 2.9732409
331 2.874481
310 3.2183907
297 3.2549195
306 3.257329
283 3.44163
283 3.3231425
292 3.3457727
292 3.241087
293 3.3726814
293 3.2852283
302 3.2962036
284 3.4440615
284 3.3423183
291 3.3638182
291 3.2743273
290 3.392198
290 3.310291
289 3.421728
289 3.3426182
289 3.4404707
289 3.3780782
287 3.4635034
287 3.4013605
287 3.327787
293 3.3439362
293 3.2734532
298 3.291536
298 3.2260542
292 3.3905966
292 3.32791
284 3.4858387
284 3.4234364
289 3.4330554
289 3.3737261
293 3.384095
293 3.3302252
293 3.2722514
295 3.352892
295 3.296355
293 3.3731024
293 3.3191962
292 3.3910623
292 3.3386989
291 3.4075553
291 3.358425
294 3.3671956
294 3.319829
281 3.5516093
277 3.5573556
280 3.5614073
272 3.6237679
272 3.5765002
269 3.6844835
269 3.6387866
264 3.7432346
264 3.6957498
267 3.7013276
267 3.6542585
270 3.6610625
270 3.6174972
273 3.619952
273 3.5774019
271 3.6747818
271 3.6322362
264 3.761082
254 3.9093735
255 3.9089952
255 3.8680515
255 3.9102786
255 3.8683896
255 3.8291607
258 3.8317368
258 3.7905319
253 3.9153311
253 3.8748739
253 3.9178061
253 3.877656
256 3.8788543
256 3.8415272
253 3.9197602
253 3.8820171
256 3.8850334
256 3.8471594
256 3.8860104
256 3.8501027
249 3.9972384
245 4.0324035
243 4.105823
241 4.1025643
243 4.1029596
241 4.1029205
241 4.065321
240 4.1360455
240 4.099749
242 4.0978103
242 4.063687
241 4.1289554
241 4.0958095
241 4.127531
241 4.094133
240 4.1570735
240 4.1237116
242 4.1242957
242 4.09081
244 4.089346
242 4.0886593
242 4.058714
244 4.0582695
244 4.0271688
246 4.0285277
246 3.997631
248 3.997531
248 3.9686012
250 3.9695187
250 3.9397252
248 3.998515
248 3.9690416
245 4.05394
245 4.0257196
247 4.025318
247 3.9974637
249 3.9979188
249 3.9711683
250 3.9715774
250 3.944191
251 3.9711096
251 3.9450343
252 3.944773
252 3.9203386
254 3.9200416
254 3.8942616
254 3.9216692
254 3.8958063
256 3.8964655
256 3.8723629
256 3.8981483
256 3.8736591
253 3.9486673
253 3.924358
254 3.9247234
254 3.9011388
254 3.9255354
254 3.9020422
256 3.9027176
236 4.211722
237 4.2092886
236 4.2082624
236 4.1837115
233 4.253352
233 4.227844
225 4.408909
225 4.385068
227 4.382101
227 4.3574944
228 4.355304
228 4.3310237
228 4.3527255
228 4.327768
230 4.3258834
230 4.3024774
231 4.3004713
231 4.2782817
232 4.276703
232 4.2541423
233 4.2733235
233 4.2509313
234 4.250419
234 4.2284617
236 4.2269278
236 4.2042785
237 4.2032313
237 4.1817107
236 4.22155
233 4.2608185
233 4.278397
229 4.3391323
229 4.316776
229 4.3349166
229 4.3132315
230 4.312711
230 4.2906737
232 4.28918
232 4.269871
232 4.286566
232 4.266146
233 4.265123
233 4.244434
230 4.3196135
230 4.2985325
232 4.2981815
232 4.277319
230 4.3315687
230 4.311377
228 4.3661714
228 4.346
230 4.343717
230 4.324148
231 4.3209767
231 4.3039293
231 4.2842607
231 4.3006167
231 4.2812157
232 4.2817874
232 4.2614384
233 4.260223
233 4.2426667
235 4.240809
235 4.222609
236 4.2202053
236 4.202327
233 4.270596
233 4.2535887
233 4.2684574
233 4.250672
234 4.266069
234 4.249079
234 4.2638617
234 4.247021
235 4.2453065
235 4.2277756
233 4.276713
232 4.275102
232 4.3062973
232 4.289631
233 4.28771
233 4.2704287
233 4.285214
233 4.269028
233 4.267088
233 4.266709
233 4.250247
234 4.2485394
234 4.232146
234 4.2467456
234 4.231072
236 4.229468
236 4.2132683
237 4.2125187
237 4.1963143
238 4.195571
238 4.1798706
239 4.1781893
239 4.1638584
239 4.148449
239 4.162393
239 4.146735
237 4.205463
237 4.190314
237 4.1889415
237 4.1742682
238 4.1736956
238 4.158215
239 4.157464
239 4.1425138
240 4.156574
240 4.141437
239 4.1699877
239 4.1552033
238 4.1825037
238 4.16784
239 4.1671343
239 4.1526265
238 4.179903
238 4.1655674
239 4.164764
239 4.1504645
239 4.1634603
239 4.1501164
240 4.1488676
240 4.134873
240 4.161414
240 4.1473036
238 4.187311
238 4.173992
239 4.1727967
239 4.1593347
240 4.157866
240 4.145201
240 4.1313586
241 4.1302204
241 4.117439
240 4.142762
240 4.129217
240 4.1415663
240 4.1283813
241 4.127807
241 4.114591
242 4.1141186
242 4.1009784
243 4.1008134
243 4.0879025
244 4.088142
244 4.0750413
244 4.074498
244 4.0614734
245 4.061434
245 4.048734
245 4.061103
245 4.0484824
246 4.0484333
246 4.0356812
247 4.036265
247 4.0233817
245 4.072128
245 4.0598526
243 4.095877
243 4.083655
243 4.0952506
243 4.083005
244 4.0827565
244 4.070621
245 4.070508
245 4.058432
246 4.058115
246 4.0462427
247 4.046107
247 4.0340075
247 4.034427
247 4.0227604
247 4.0106955
247 4.0227685
247 4.0106335
248 4.01051
248 3.9990346
249 3.9990373
249 3.9877057
250 3.9876041
250 3.9763236
250 3.9763458
250 3.9651606
251 3.9650803
251 3.9546118
251 3.965409
251 3.9544678
252 3.9544623
252 3.9435682
253 3.9437246
253 3.9326587
253 3.9440346
253 3.9335904
252 3.954301
252 3.944881
253 3.944601
253 3.9337137
253 3.9345326
253 3.9233487
253 3.9343767
253 3.9239297
254 3.9240916
254 3.9136434
255 3.9137897
255 3.9034665
256 3.903681
256 3.893397
256 3.9038596
256 3.8941221
256 3.884025
256 3.894717
256 3.8841438
256 3.8845263
256 3.8745599
256 3.8856077
256 3.8752081
256 3.8856764
256 3.8760488
256 3.8966765
256 3.8869114
256 3.886962
256 3.8771129
256 3.8878512
256 3.8776958
254 3.91844
254 3.9088473
255 3.9086442
255 3.8989284
256 3.8991811
256 3.889382
255 3.909514
255 3.899854
256 3.900218
256 3.8905125
256 3.8908205
256 3.8812246
257 3.8815157
257 3.8721035
257 3.8719242
257 3.8628821
258 3.8729591
258 3.8635087
258 3.8643236
258 3.8546042
259 3.855065
259 3.845748
259 3.8535829
259 3.8469248
259 3.837291
258 3.8567126
258 3.8475752
258 3.85739
258 3.8481853
259 3.8485425
259 3.8396184
259 3.8493598
259 3.8404756
259 3.8408115
259 3.8317027
259 3.8511505
259 3.8418813
259 3.8422463
259 3.833218
259 3.8432188
259 3.8341942
260 3.8346086
260 3.8258202
261 3.8261123
261 3.817453
261 3.8178668
261 3.809093
260 3.8355324
260 3.8288288
259 3.8463957
259 3.8471196
259 3.855926
259 3.8482144
259 3.8388228
258 3.8566809
258 3.8484046
257 3.8753858
257 3.8668668
257 3.8759005
257 3.867486
257 3.8764448
257 3.867998
257 3.8769505
257 3.8684719
258 3.868926
258 3.8605685
258 3.8694935
258 3.861037
258 3.8613033
258 3.8530674
257 3.878996
257 3.871023
258 3.8713977
258 3.8627157
258 3.871879
258 3.8634627
258 3.8637848
258 3.8555849
259 3.8557591
259 3.8477404
256 3.8985045
256 3.8901696
254 3.9243906
254 3.9158714
255 3.9159813
255 3.9079065
254 3.92466
254 3.916438
255 3.9167404
255 3.9086337
255 3.900496
255 3.9010208
255 3.8921983
256 3.8929598
256 3.8851435
256 3.8855672
256 3.8774815
257 3.877887
257 3.869756
256 3.894257
256 3.8865013
256 3.8947768
256 3.886926
256 3.8871524
256 3.879286
255 3.9115512
255 3.903698
255 3.9040139
255 3.896114
256 3.8963199
256 3.8886824
255 3.9045553
255 3.8973002
256 3.8972876
256 3.8896165
256 3.8978727
256 3.8900476
256 3.8980274
256 3.8903544
256 3.8984234
256 3.8909
256 3.8914118
256 3.88357
257 3.8836148
257 3.8768635
257 3.868769
257 3.8690202
257 3.8617418
257 3.8849328
257 3.877416
256 3.8852816
256 3.87794
256 3.89332
256 3.8860202
256 3.8865285
256 3.8788009
256 3.8941512
256 3.886788
256 3.902008
256 3.8945992
256 3.8951738
256 3.887718
256 3.8879266
256 3.8808873
256 3.8882265
256 3.8811264
257 3.8812885
257 3.8740566
257 3.8746297
257 3.8673506
257 3.882158
257 3.875062
256 3.8898861
256 3.882802
256 3.89023
256 3.8831992
256 3.9051464
256 3.8981702
256 3.9055731
256 3.898537
256 3.8915262
256 3.891861
256 3.8849707
256 3.892025
256 3.8851316
256 3.8853364
256 3.8783963
256 3.8929026
256 3.8859463
256 3.886203
256 3.8792555
256 3.8865495
256 3.879626
257 3.8799195
257 3.8730319
257 3.873254
257 3.866484
257 3.8736966
257 3.867003
256 3.895056
256 3.888376
256 3.8954196
256 3.8886008
255 3.902931
255 3.8959339
255 3.903104
255 3.896345
256 3.8964958
256 3.8897984
256 3.890093
256 3.8833227
257 3.8836274
257 3.8769972
257 3.8770483
257 3.8709502
257 3.8640084
258 3.8643425
258 3.857801
258 3.8647473
258 3.8582528
258 3.8585684
258 3.8520029
259 3.8521988
259 3.8460767
259 3.846077
259 3.8397808
259 3.853232
259 3.846919
258 3.8669863
258 3.8606722
258 3.8610291
258 3.8544657
259 3.8547559
259 3.84868
259 3.8551564
259 3.8489735
259 3.8556044
259 3.849642
259 3.8560998
259 3.8499055
258 3.8630595
258 3.8568995
259 3.8573804
259 3.8509998
259 3.851066
258 3.857821
258 3.851768
259 3.8517833
259 3.8456364
259 3.8458831
259 3.8397894
260 3.8401673
260 3.833931
260 3.8341463
260 3.8280125
260 3.834672
260 3.8285809
259 3.8478308
259 3.841738
258 3.860931
258 3.854861
259 3.855113
259 3.8490713
258 3.8680847
258 3.8620415
257 3.874639
257 3.8686285
255 3.9061286
255 3.900161
255 3.9126444
255 3.9066129
255 3.9129388
255 3.9068046
255 3.9073093
255 3.9009624
256 3.9011145
256 3.895419
256 3.8952925
256 3.8893373
254 3.932248
254 3.9263024
254 3.9264147
254 3.9204247
254 3.9326591
254 3.9270585
253 3.9392474
253 3.9329643
254 3.9333978
252 3.9512835
253 3.9513333
253 3.945377
253 3.939463
253 3.9459188
253 3.9396439
253 3.9398518
253 3.9341214
253 3.9340322
253 3.9281874
253 3.9401152
253 3.934372
253 3.9402924
253 3.9345193
253 3.9404914
253 3.934735
253 3.9348545
253 3.9292614
253 3.9408176
253 3.9350023
253 3.9353502
253 3.9294453
254 3.929525
254 3.9237833
253 3.9413104
253 3.9356823
253 3.9356616
253 3.9302852
253 3.9474978
253 3.9417567
251 3.9763725
251 3.970949
251 3.970831
251 3.964998
251 3.9703228
251 3.9656198
251 3.9709976
251 3.9651978
251 3.9597979
251 3.96559
251 3.959755
252 3.959767
252 3.954226
252 3.9599705
252 3.9543552
251 3.965702
251 3.960117
252 3.9601731
252 3.9546342
251 3.9658277
251 3.9602742
251 3.9659455
251 3.9604292
250 3.9827971
250 3.9772727
251 3.9772382
251 3.971803
250 3.9884398
250 3.982894
250 3.9829175
250 3.9774609
251 3.9774704
251 3.9719703
251 3.977576
251 3.9720256
250 3.9885228
250 3.98306
250 3.98317
250 3.9776423
251 3.9777596
251 3.9722326
251 3.9724
251 3.9671328
251 3.9615138
252 3.9615443
252 3.95627
252 3.9562223
252 3.9511611
252 3.951078
252 3.9456544
253 3.9457273
253 3.9405165
253 3.9405117
253 3.9354901
253 3.9406707
253 3.9357252
253 3.93558
253 3.9303613
254 3.9304328
254 3.9252138
254 3.9306383
254 3.9253287
253 3.9363205
253 3.9308507
254 3.9309835
254 3.9258049
254 3.9311032
254 3.9260206
254 3.9312427
254 3.9262967
254 3.9317107
254 3.9263046
254 3.926688
254 3.9213846
254 3.9214664
254 3.916388
255 3.9164965
255 3.9116
255 3.916652
255 3.9116466
255 3.917009
255 3.9119751
255 3.911988
254 3.9168255
254 3.9122143
254 3.9225752
254 3.9175067
254 3.9175522
254 3.9127834
255 3.9127147
255 3.9077644
255 3.9077826
255 3.9030497
255 3.903034
255 3.8981013
256 3.8982303
256 3.8932176
256 3.8934312
256 3.8886533
256 3.8885581
256 3.8837395
257 3.8838077
257 3.8790267
257 3.8791394
257 3.874318
257 3.884681
257 3.8795345
256 3.894645
256 3.890022
256 3.9000046
256 3.8950572
256 3.8952072
256 3.8904521
255 3.9055529
255 3.9007585
256 3.900669
256 3.8960462
256 3.9009523
256 3.8961678
256 3.8962
256 3.891624
256 3.8916616
256 3.8867977
257 3.8869174
257 3.882413
257 3.8774831
257 3.8776517
257 3.8729477
257 3.8731022
257 3.8683968
258 3.8685753
258 3.8638866
258 3.8640513
258 3.859342
258 3.8595304
258 3.854894
259 3.85505
259 3.8504114
257 3.8794534
257 3.8747406
257 3.879668
257 3.8750594
257 3.8752458
257 3.8706164
258 3.870752
258 3.8660839
258 3.8709862
258 3.8664205
258 3.8665977
258 3.8620481
258 3.86212
258 3.85755
259 3.8577182
259 3.8532004
258 3.8675232
258 3.8630047
258 3.8631659
258 3.858645
258 3.8681633
258 3.863665
257 3.8778567
257 3.87334
258 3.8734696
258 3.8689325
258 3.8643875
258 3.8645453
258 3.86007
258 3.8602147
258 3.8557549
259 3.8559756
259 3.8515131
258 3.8608968
258 3.8564034
259 3.8565333
259 3.8522682
258 3.861768
258 3.8571343
258 3.8709855
258 3.8667953
257 3.8850963
257 3.8806162
256 3.8945189
256 3.8900201
256 3.8901634
256 3.88568
256 3.894928
256 3.8905554
256 3.8952372
256 3.8908918
256 3.8955803
256 3.891033
256 3.8956578
256 3.891279
256 3.8959458
256 3.8914888
256 3.9005911
256 3.896384
256 3.8965878
256 3.8920276
256 3.8921485
256 3.887778
256 3.8923028
256 3.8876987
256 3.8837116
256 3.8882604
256 3.883953
257 3.88403
257 3.8797028
257 3.8845112
257 3.879986
257 3.880325
257 3.8759177
257 3.8760545
257 3.8717642
258 3.8718715
258 3.8676465
258 3.872136
258 3.8678522
258 3.8682175
258 3.8638287
258 3.8683364
258 3.864143
258 3.8642912
258 3.8600945
258 3.8645701
258 3.860399
258 3.8648477
258 3.860702
258 3.8607693
258 3.8567708
258 3.8653827
258 3.8613877
258 3.8613708
258 3.857239
258 3.8659794
258 3.8618848
257 3.8749523
257 3.870757
257 3.8794951
257 3.8752878
257 3.8754544
257 3.8713264
257 3.879977
257 3.8758035
257 3.8717546
256 3.8931224
256 3.888981
256 3.8891323
256 3.8849874
257 3.885093
257 3.880994
257 3.8811038
257 3.8769686
257 3.8815515
257 3.8772445
257 3.8816211
257 3.8775682
257 3.8776317
257 3.873559
257 3.873708
257 3.8696315
257 3.8823812
257 3.8783529
257 3.8826592
257 3.8785744
257 3.8787334
257 3.8746448
257 3.8747592
257 3.870764
257 3.8792207
257 3.8751168
257 3.8795836
257 3.8754232
257 3.8755522
257 3.8715968
257 3.8760169
257 3.8720212
258 3.87193
258 3.8679466
258 3.86813
258 3.8643336
258 3.8683689
258 3.8645642
258 3.8645444
258 3.8607194
258 3.8566346
258 3.8650222
258 3.8610039
258 3.8692913
258 3.865371
257 3.881814
257 3.8779838
257 3.8860629
257 3.8821733
257 3.8863409
257 3.8824115
256 3.8947608
256 3.8906736
256 3.8907995
256 3.8868818
257 3.8869643
257 3.8830893
257 3.883191
257 3.8792653
257 3.8794332
257 3.875581
257 3.8798604
257 3.8757677
257 3.8758917
257 3.872074
258 3.872217
258 3.868287
257 3.8843367
257 3.8805106
257 3.8806136
257 3.8767679
257 3.8768747
257 3.8731015
258 3.873227
258 3.8693426
258 3.869517
258 3.8656595
258 3.8658526
258 3.8619757
258 3.862096
258 3.8703094
258 3.866333
258 3.8664186
258 3.8628473
257 3.8784997
257 3.874637
257 3.8748045
257 3.8709977
257 3.8789427
257 3.8751998
257 3.8754268
257 3.8714688
Start time: 17/12/2018 12:57:35.080
End time: 17/12/2018 01:01:52.672
Duration: 257592 milliseconds (257.592 seconds)
Average latency: 257 milliseconds
Reads average latency: 9 milliseconds
Writes average latency: 509 milliseconds
Average throughput: 3.882108 operations per second
Number of requests: 1000
Number of reads: 504
Number of writes: 496
Number of timeouts: 0
Percentage of writes: 50%
Number of replicas: 4
