0 3.4246576
0 1.9841269
366 2.5806453
366 1.9323672
186 5.3557763
186 4.6511626
198 4.961411
198 4.4620724
198 3.9717565
224 4.3877144
224 3.9941905
224 3.6172314
254 3.6220949
254 3.4139402
260 3.717472
260 3.4956303
261 3.7479503
261 3.5516093
274 3.567681
274 3.3878038
291 3.4181542
277 3.4457743
291 3.402518
291 3.3068783
291 3.196931
308 3.221353
308 3.109729
319 3.1179137
307 3.1689172
307 3.0597312
304 3.2195752
304 3.1187625
314 3.1340406
314 3.052718
324 3.0709736
314 3.1128404
314 3.020822
311 3.1555696
311 3.0715675
308 3.194569
308 3.117389
315 3.1383736
315 3.065775
322 3.0799892
322 3.0214164
327 3.0318782
327 2.9777098
327 2.9132679
326 3.0191758
326 2.9555075
314 3.136271
314 3.0738494
298 3.3167496
298 3.2580526
303 3.2693985
303 3.2108455
308 3.2242236
308 3.1684806
306 3.2500508
306 3.1982942
306 3.1425953
301 3.2896857
301 3.2341936
304 3.2493906
304 3.197442
302 3.2711413
302 3.2206118
301 3.2912138
301 3.2437441
304 3.2541676
304 3.2083755
304 3.2752304
304 3.2300448
308 3.2386918
308 3.1984646
308 3.1567318
303 3.2703488
303 3.2297754
284 3.4913726
284 3.44707
283 3.5032318
283 3.4603763
285 3.469378
285 3.4280818
281 3.5269222
281 3.485454
281 3.5379527
281 3.49698
284 3.4933717
284 3.4660506
287 3.470697
287 3.4343345
290 3.4384937
290 3.40165
290 3.367145
287 3.457757
287 3.422116
289 3.426753
289 3.391336
292 3.3989124
292 3.3640716
291 3.4094918
291 3.376674
294 3.3825338
294 3.3499563
296 3.3577302
296 3.3249898
296 3.3686237
296 3.3374898
298 3.3438737
298 3.313047
300 3.3210728
300 3.2898228
303 3.2970886
303 3.2678604
303 3.2391453
306 3.2475302
306 3.2182662
308 3.22624
308 3.199467
310 3.2047048
310 3.178973
313 3.185645
313 3.1598632
315 3.1663787
315 3.1409626
311 3.2118902
308 3.217041
310 3.2225082
310 3.1977372
310 3.1743124
312 3.180565
312 3.1561859
314 3.1637068
314 3.1394384
315 3.1456711
315 3.1229022
317 3.1297998
317 3.1063044
316 3.1422286
316 3.1190634
318 3.1254401
318 3.1036797
307 3.2485564
307 3.2260735
308 3.2317257
308 3.2100983
302 3.2966735
302 3.2739372
304 3.2786887
304 3.2571564
305 3.261527
305 3.2413216
291 3.4273252
291 3.404782
292 3.409557
292 3.3870683
290 3.441557
290 3.420265
287 3.473871
287 3.452044
289 3.4555955
289 3.4343188
290 3.4376829
290 3.417022
290 3.4442892
288 3.447698
289 3.4512305
289 3.431384
291 3.433759
291 3.4138472
291 3.393928
288 3.444768
288 3.4241066
282 3.518472
282 3.4994433
278 3.5694115
278 3.5493655
280 3.5517235
280 3.5319204
281 3.5356774
281 3.5154018
274 3.627226
274 3.6075976
274 3.631019
274 3.6122818
275 3.6142776
275 3.5952091
277 3.596818
277 3.5779681
278 3.5808518
278 3.5623517
280 3.5643237
280 3.5452223
281 3.5475538
281 3.529388
282 3.5319192
282 3.5140867
282 3.5356276
273 3.6397088
273 3.6209538
274 3.6227582
274 3.604704
274 3.6270242
274 3.6084886
273 3.6491392
273 3.63271
274 3.6334276
274 3.6161177
275 3.6181517
275 3.6005988
276 3.6032298
276 3.5856423
278 3.5884497
278 3.5710301
278 3.5915284
278 3.5747848
279 3.577719
279 3.5611885
280 3.5626001
280 3.5465486
281 3.547185
281 3.5331886
281 3.5170407
281 3.5368347
281 3.5208776
282 3.5244775
282 3.507726
281 3.5447369
281 3.5301278
282 3.5314891
282 3.516332
282 3.534357
282 3.5193822
283 3.522325
283 3.5082963
284 3.5096009
284 3.494976
285 3.4968543
285 3.482927
285 3.5010285
285 3.4871998
285 3.505192
285 3.490716
286 3.4935353
286 3.4789393
287 3.480992
287 3.467518
288 3.4690437
288 3.4550602
289 3.4571755
287 3.4599879
288 3.4614108
288 3.4483302
288 3.4350247
290 3.436641
290 3.4233785
287 3.4721146
287 3.4592993
287 3.4761744
287 3.4628584
288 3.464961
284 3.497248
285 3.4991517
285 3.4860559
285 3.5021796
285 3.490166
285 3.4772484
284 3.5086155
284 3.4954162
284 3.497484
284 3.484884
284 3.500857
284 3.4885926
284 3.5050466
284 3.4920452
284 3.5081642
284 3.495548
285 3.497556
285 3.4848182
286 3.487147
286 3.474783
285 3.490426
285 3.4781873
286 3.4799204
286 3.467804
286 3.4835439
286 3.4715953
287 3.4732313
287 3.4613051
288 3.4630132
288 3.4518657
289 3.4531236
289 3.4414747
290 3.4432743
290 3.4315977
288 3.4605339
288 3.4495256
286 3.490985
285 3.4930542
285 3.5073266
285 3.4965498
285 3.4848726
285 3.4859707
285 3.475182
285 3.489603
285 3.4781928
283 3.5186582
283 3.5074549
282 3.5347085
282 3.5233908
280 3.5504627
280 3.539122
281 3.5407248
281 3.529576
281 3.5441692
281 3.532811
282 3.5340133
282 3.522716
283 3.5243392
283 3.5133183
282 3.539757
282 3.5287564
280 3.554985
280 3.5437868
281 3.545795
281 3.5344765
282 3.5359385
282 3.5252786
283 3.526589
283 3.516064
284 3.5173519
284 3.5068336
284 3.5083098
284 3.497881
285 3.4994583
285 3.489076
286 3.4904635
286 3.480251
285 3.505305
285 3.4948225
285 3.4967487
285 3.4866366
285 3.4761784
281 3.5477028
281 3.5369997
280 3.561303
280 3.551112
279 3.5638573
279 3.5537577
278 3.5890892
278 3.5789354
276 3.6027462
276 3.5926116
274 3.6386578
274 3.6290505
274 3.6296015
274 3.619586
274 3.6316645
274 3.6216588
275 3.622747
275 3.6125412
273 3.6468606
273 3.637163
273 3.6588304
273 3.6500738
273 3.6506293
273 3.6405525
273 3.6529582
273 3.6425738
274 3.6435764
274 3.6339006
274 3.634843
274 3.6251645
275 3.6260865
275 3.6165211
275 3.6281083
275 3.6185498
274 3.6403155
274 3.631235
274 3.6218193
274 3.6332033
274 3.62334
272 3.6556408
272 3.6462607
273 3.6475172
273 3.637754
274 3.6385376
274 3.6295214
274 3.6302853
274 3.621187
275 3.6219316
275 3.6127536
273 3.6444483
273 3.6349277
274 3.6358862
274 3.6269848
275 3.627521
275 3.6185036
275 3.619457
275 3.6103604
275 3.621242
275 3.6122937
272 3.6628587
272 3.6537437
273 3.6546323
273 3.6456184
271 3.675894
271 3.6669796
271 3.6868336
271 3.6782236
271 3.6790402
271 3.6700625
272 3.6713204
272 3.6620858
271 3.682232
271 3.6733325
271 3.681674
271 3.6753125
271 3.6661081
270 3.6859355
270 3.6772022
268 3.715785
268 3.7069178
269 3.7076073
269 3.6990097
269 3.7090807
269 3.7005196
269 3.701183
269 3.692405
270 3.6935985
270 3.6847076
271 3.6854355
271 3.6767757
271 3.6779242
271 3.6692872
271 3.6792297
271 3.670797
272 3.6714466
272 3.663137
272 3.6639006
272 3.6554801
272 3.6642928
272 3.657493
272 3.6667895
272 3.658996
273 3.6593006
273 3.6519814
273 3.6430686
272 3.661376
272 3.653519
273 3.6543822
273 3.6463482
272 3.6558723
272 3.6479347
270 3.6836936
270 3.6756663
271 3.67631
271 3.6682699
272 3.6691504
272 3.661224
272 3.6705825
272 3.6625607
272 3.6632564
272 3.6554422
272 3.6646385
272 3.6571057
273 3.6579323
273 3.6497285
273 3.6508152
273 3.642879
274 3.6436663
274 3.6359332
274 3.6365786
274 3.6290152
274 3.6382275
274 3.6304488
274 3.648444
274 3.6405234
274 3.6412115
274 3.6337028
275 3.6344326
275 3.6268187
275 3.6277094
275 3.6202006
276 3.6208627
276 3.6137552
276 3.6055822
274 3.6314266
274 3.6241348
274 3.6332238
274 3.6256626
275 3.6265688
275 3.6189644
275 3.619734
275 3.6125245
276 3.6133041
276 3.6060202
276 3.6068096
276 3.5995104
277 3.600396
277 3.5931675
277 3.5940905
277 3.5868177
278 3.5876358
278 3.5806031
277 3.597094
277 3.59041
278 3.591017
278 3.5839484
278 3.5927863
278 3.5855734
278 3.5863528
278 3.579293
279 3.580193
279 3.573311
279 3.5821216
279 3.5752065
279 3.5832903
278 3.5844223
278 3.5772407
278 3.5780504
278 3.571319
278 3.5874302
278 3.5804887
278 3.5889168
278 3.582135
278 3.5829263
278 3.576208
279 3.5772774
279 3.5701642
279 3.5710526
279 3.5642998
279 3.5726323
279 3.5658486
280 3.5670044
280 3.5601766
280 3.5684283
280 3.561967
279 3.5773273
279 3.5707946
279 3.571534
279 3.5648787
280 3.5659928
280 3.5592935
280 3.560022
280 3.5535145
280 3.5616276
280 3.555141
280 3.5631697
280 3.5567298
281 3.5575328
281 3.5511773
280 3.5592067
280 3.5527945
280 3.5464053
280 3.5617087
280 3.5554028
280 3.5559182
280 3.5496197
280 3.5575519
280 3.5511968
278 3.5875905
278 3.5811794
278 3.5819712
278 3.5755672
279 3.5763412
279 3.56997
278 3.5918884
278 3.585512
278 3.5862377
278 3.579969
277 3.5946617
277 3.58845
277 3.5961213
277 3.5899537
278 3.5905895
278 3.5843039
278 3.592227
278 3.5857866
278 3.5865982
278 3.5803869
279 3.5810819
279 3.5749261
279 3.5757506
279 3.5695271
279 3.5703576
279 3.5642622
278 3.5852273
278 3.5795882
278 3.5731685
279 3.573986
279 3.5679357
279 3.5686388
279 3.5626419
280 3.5634475
280 3.5573838
277 3.6048932
277 3.5991638
277 3.599592
277 3.593699
277 3.600922
277 3.5950224
277 3.5956454
277 3.5897741
278 3.5905695
278 3.5844655
278 3.585196
278 3.5795448
277 3.6061554
277 3.600372
277 3.6074185
277 3.60184
277 3.6087208
277 3.6029239
277 3.6034985
277 3.5977519
277 3.5986354
277 3.5926828
278 3.5931773
277 3.5939019
277 3.5882628
277 3.5951362
277 3.5893984
277 3.5964549
277 3.590756
277 3.5979025
277 3.5920591
277 3.6053796
277 3.5996115
277 3.6002915
277 3.5945725
277 3.5952358
277 3.5895429
278 3.5902343
278 3.58459
278 3.5854895
278 3.5798697
279 3.5803928
279 3.5749328
278 3.5815234
278 3.5759673
278 3.589045
278 3.5835617
278 3.5903413
278 3.5848064
277 3.6039934
277 3.5983434
276 3.6177845
276 3.6119075
275 3.624791
275 3.6194987
276 3.619815
276 3.614281
275 3.6331882
275 3.6276946
274 3.6404366
274 3.6348827
274 3.6354146
274 3.6302369
274 3.642877
274 3.6433504
274 3.6437125
274 3.6382034
274 3.6387036
274 3.639246
274 3.6337905
274 3.640675
274 3.6348853
274 3.6355388
274 3.630251
274 3.63658
274 3.631177
274 3.6316812
274 3.6263874
275 3.6268542
275 3.6215403
275 3.627976
275 3.6226761
275 3.6232524
275 3.618102
275 3.624272
275 3.618924
275 3.6255615
275 3.6201208
275 3.6206534
275 3.6153626
275 3.6275272
275 3.6223469
275 3.6285858
275 3.6236289
275 3.6239634
275 3.6186926
276 3.6192002
276 3.6142638
276 3.6146724
276 3.6093626
276 3.6209671
274 3.6450613
274 3.6454434
274 3.640119
274 3.635162
274 3.6357224
274 3.6303725
273 3.647875
273 3.6427703
273 3.6489537
273 3.6437795
274 3.6442819
274 3.6391494
274 3.639657
274 3.634566
274 3.6406066
274 3.635508
273 3.6472259
273 3.6421528
274 3.642652
274 3.6375992
273 3.649168
273 3.6441813
274 3.6446342
274 3.6395664
274 3.640065
274 3.6350777
274 3.6355612
274 3.630534
274 3.6366036
274 3.6315289
274 3.6430073
274 3.6380174
274 3.638592
274 3.6335423
275 3.6341214
275 3.6290717
275 3.6296952
275 3.6305335
275 3.6251743
275 3.6312985
275 3.6262474
274 3.6374643
274 3.6328108
274 3.638559
274 3.6335642
274 3.6340568
274 3.6292572
274 3.635038
274 3.6304054
275 3.6306665
275 3.62611
275 3.6317286
275 3.6269126
275 3.6273892
275 3.6225724
275 3.6230924
275 3.618198
276 3.61899
276 3.6139612
276 3.6197853
276 3.6150165
276 3.6207287
276 3.6160471
276 3.6164372
276 3.6118872
276 3.6177063
276 3.6127317
276 3.6135015
276 3.6086211
276 3.6091118
276 3.6044376
277 3.6049514
277 3.600444
277 3.6059186
277 3.60131
277 3.6018996
277 3.597271
277 3.597697
277 3.5926788
277 3.588449
277 3.5940933
277 3.589449
278 3.5899196
278 3.5855494
278 3.5859137
278 3.5813768
278 3.5869138
278 3.5825696
278 3.5829723
278 3.578444
278 3.589117
278 3.5845015
277 3.5952125
277 3.5908003
276 3.6112735
276 3.6067984
277 3.6072204
277 3.6027796
277 3.603242
277 3.598763
277 3.6044514
277 3.599676
277 3.6051512
277 3.6008718
277 3.6012611
277 3.5966928
277 3.6021802
277 3.5977829
277 3.6033268
277 3.5989032
277 3.604147
277 3.59968
277 3.6002269
277 3.595811
278 3.5962198
278 3.5919964
278 3.592409
278 3.5879185
278 3.5884056
278 3.5842469
278 3.5796957
278 3.580226
278 3.5758827
278 3.590996
278 3.5866332
278 3.5871522
278 3.5828044
278 3.5929942
278 3.5886152
277 3.6036208
277 3.5992918
277 3.599757
277 3.5954254
277 3.600754
277 3.596362
277 3.5968292
277 3.5925562
277 3.5978622
277 3.593564
278 3.5940318
278 3.5896971
278 3.5901685
278 3.585934
278 3.591193
278 3.5869672
278 3.5921106
278 3.5878599
278 3.588347
278 3.5841446
278 3.584635
278 3.580447
279 3.5809405
279 3.5767498
278 3.586602
278 3.582431
279 3.5829031
279 3.5787296
279 3.579205
279 3.5750122
279 3.5708623
279 3.5761516
279 3.5718272
279 3.5723078
279 3.5681806
279 3.5687306
279 3.5646002
278 3.5881903
278 3.5840142
278 3.584461
278 3.5804965
279 3.5810947
279 3.5767977
278 3.5909774
278 3.5870903
278 3.5919802
278 3.587838
278 3.5883582
278 3.584213
278 3.5847034
278 3.580572
279 3.5810654
279 3.577045
279 3.5820813
279 3.5780852
279 3.5785954
279 3.574418
279 3.5748825
279 3.5708642
279 3.5713801
279 3.5672944
279 3.572264
279 3.568411
280 3.5689754
280 3.5647986
280 3.5697649
280 3.5657563
280 3.5661776
280 3.5619595
280 3.5583062
280 3.5632203
280 3.559273
280 3.5641592
280 3.560188
280 3.5608966
280 3.5567484
280 3.5574276
280 3.553387
281 3.55388
281 3.549946
281 3.5548155
281 3.5509362
281 3.551383
281 3.5474539
281 3.5481522
281 3.5441263
281 3.5446095
281 3.5407667
281 3.5456347
281 3.5417838
280 3.5640373
280 3.5601902
280 3.5606217
280 3.5568025
280 3.557206
280 3.5535216
281 3.5538204
281 3.5501475
281 3.55048
281 3.5466807
281 3.5471385
281 3.5433815
282 3.5438879
282 3.5400512
282 3.5448513
282 3.5410066
280 3.558658
280 3.5548673
281 3.5553124
281 3.551488
281 3.5520418
281 3.5524585
281 3.5486796
281 3.5534399
281 3.5496526
281 3.5543566
281 3.5506067
281 3.5510674
281 3.547284
281 3.5479715
281 3.5440345
281 3.5487595
281 3.545054
280 3.5580902
280 3.554353
279 3.5716236
279 3.567865
278 3.5851152
278 3.5813951
278 3.5860121
278 3.5822392
278 3.5868754
278 3.5830944
278 3.5835133
278 3.5798182
278 3.5844228
278 3.5806305
278 3.5853882
278 3.5815432
278 3.586112
278 3.582452
278 3.5871587
278 3.5834608
278 3.5960407
278 3.5923412
277 3.59693
277 3.5933847
278 3.5936103
278 3.5899284
278 3.5903335
278 3.5866334
278 3.5831604
278 3.5875795
278 3.5838494
278 3.5883462
278 3.5847106
277 3.6014357
277 3.597882
277 3.5981436
277 3.594542
277 3.6030493
277 3.599421
277 3.6039531
277 3.600171
276 3.6167166
276 3.6130748
276 3.613435
276 3.6098325
276 3.6102097
276 3.60656
277 3.6069975
277 3.603416
277 3.6039567
277 3.600155
277 3.600554
277 3.5970075
277 3.601407
277 3.597752
277 3.5981665
277 3.594622
278 3.5950098
278 3.591447
278 3.5918374
278 3.5883417
278 3.5927007
278 3.5890977
277 3.5974343
277 3.593848
277 3.6021779
275 3.6260953
275 3.6264484
275 3.6231031
275 3.6193807
275 3.6275458
275 3.624195
275 3.6244493
275 3.620839
275 3.6212513
275 3.617694
276 3.6180942
276 3.614603
276 3.6150758
276 3.611384
276 3.6197445
276 3.6160827
275 3.6319282
275 3.6284301
275 3.6326258
275 3.6291332
275 3.63332
275 3.6298342
274 3.6378472
274 3.6345594
274 3.634729
274 3.6313107
274 3.6355548
274 3.6319473
274 3.6361547
274 3.6326926
275 3.6330574
275 3.6295216
275 3.633729
275 3.6302965
275 3.6343846
275 3.6310956
275 3.6350517
275 3.6319337
275 3.6318834
275 3.6285815
275 3.6251626
275 3.6330092
275 3.6297984
275 3.6299696
275 3.6265619
275 3.6306388
275 3.6272645
275 3.6276286
275 3.6241956
275 3.6245613
275 3.6211238
275 3.621519
275 3.6181588
276 3.6185834
276 3.6151237
276 3.6154423
276 3.6120865
276 3.6161852
276 3.6127677
276 3.6133022
276 3.6098402
276 3.6139123
276 3.6105366
276 3.6109238
276 3.607597
276 3.6116564
276 3.6084018
276 3.6123595
276 3.6089904
276 3.6130733
276 3.609683
276 3.6102142
276 3.60678
277 3.6071277
277 3.6038346
276 3.6115496
276 3.611905
276 3.6158764
276 3.6125872
276 3.6092386
275 3.6207047
275 3.6173017
275 3.6212633
275 3.6179714
275 3.625597
275 3.6223335
275 3.6263943
275 3.622952
Start time: 17/12/2018 12:57:35.086
End time: 17/12/2018 01:02:11.148
Duration: 276062 milliseconds (276.062 seconds)
Average latency: 276 milliseconds
Reads average latency: 10 milliseconds
Writes average latency: 509 milliseconds
Average throughput: 3.6223745 operations per second
Number of requests: 1000
Number of reads: 468
Number of writes: 532
Number of timeouts: 0
Percentage of writes: 50%
Number of replicas: 4
