0 3.4602075
0 1.9531249
358 2.5906734
165 4.8449616
203 4.601227
203 3.9946737
198 4.9696302
198 4.49326
198 3.9770217
242 3.9936104
242 3.6205647
242 3.291639
224 4.2155976
224 3.9863324
240 3.9851222
240 3.748126
232 4.2194095
232 3.998223
234 4.199916
234 3.988036
249 3.9901197
240 3.9920158
244 4.0851064
244 3.9702232
244 3.838158
259 3.8367097
259 3.7037036
270 3.6868973
270 3.5837352
270 3.4602077
214 4.63798
214 4.4926996
212 4.702761
212 4.580691
219 4.5511436
219 4.442963
219 4.3168573
222 4.419192
222 4.3015156
224 4.3938484
224 4.287663
226 4.3759513
226 4.274696
233 4.2587895
233 4.177778
239 4.159085
239 4.0847588
239 3.9963367
245 3.9993472
245 3.914989
251 3.921261
251 3.8431976
256 3.845574
256 3.7772183
262 3.7787952
262 3.7111046
267 3.7156477
267 3.651395
271 3.6570501
271 3.5988004
276 3.6015978
276 3.548387
276 3.4885197
282 3.5
282 3.4440343
286 3.453499
286 3.4001431
290 3.4093583
290 3.360176
289 3.4260263
289 3.3778076
293 3.3868191
293 3.3400865
298 3.34719
298 3.3056087
298 3.2624712
289 3.4266133
289 3.3840947
291 3.3906882
291 3.3476567
295 3.3557048
295 3.314648
294 3.373494
294 3.3315883
297 3.3392909
297 3.3000233
300 3.3086715
300 3.2703488
296 3.3594623
296 3.3331852
298 3.339338
298 3.3043478
301 3.309977
301 3.2745056
301 3.2412863
294 3.3748596
294 3.3400686
296 3.3455732
296 3.3109908
292 3.3993204
292 3.3644712
288 3.4490867
288 3.415884
290 3.4213662
290 3.3884108
288 3.471436
282 3.5121806
280 3.5541077
280 3.521256
269 3.7077427
269 3.6735575
271 3.6785715
271 3.6439538
273 3.6482267
271 3.6506503
271 3.6185684
274 3.6239316
274 3.5912724
277 3.596276
277 3.5651217
274 3.6358829
274 3.6053753
276 3.6085825
276 3.579375
278 3.5825095
278 3.5537503
280 3.5586069
280 3.5297058
282 3.532693
282 3.505535
282 3.4798536
285 3.483793
285 3.457087
282 3.522178
282 3.495157
284 3.498765
284 3.4734385
285 3.4778576
285 3.4517474
287 3.4567475
287 3.4312613
289 3.4354584
289 3.4115376
282 3.5265043
282 3.5020957
284 3.505889
284 3.4824245
285 3.4861095
285 3.4620647
279 3.57219
279 3.548729
280 3.5511365
280 3.5291352
278 3.5833917
278 3.5598207
276 3.614921
276 3.591076
277 3.593663
277 3.5714288
273 3.649088
273 3.626158
275 3.628644
275 3.6062999
275 3.6329944
275 3.6111581
274 3.6373272
273 3.6394982
273 3.6181862
272 3.6446252
274 3.6456864
269 3.6946964
269 3.6731374
270 3.6762156
270 3.6541643
272 3.655806
272 3.636033
273 3.6374316
273 3.617002
275 3.6189795
275 3.5988004
276 3.60221
276 3.5815516
276 3.6056116
276 3.586099
274 3.6312547
274 3.6125147
274 3.635897
274 3.6167133
272 3.6605234
272 3.6413388
272 3.6648448
272 3.6459093
273 3.6474416
273 3.6278934
272 3.670816
272 3.6520178
270 3.6945312
270 3.6758764
271 3.6765444
271 3.659927
271 3.6410666
271 3.6625683
271 3.6442432
271 3.6664512
271 3.647713
270 3.6881747
270 3.6715684
270 3.691314
270 3.673727
271 3.6754906
271 3.6576583
271 3.678898
271 3.6609406
271 3.6821053
271 3.66423
271 3.6842983
271 3.6671214
269 3.7063541
269 3.689228
269 3.7082143
269 3.692241
270 3.6914988
270 3.676866
270 3.660061
269 3.696989
269 3.6803086
270 3.6825597
270 3.6657662
271 3.6671615
271 3.652047
272 3.6528573
272 3.6371784
268 3.7232764
268 3.7075005
267 3.7267082
267 3.7118645
268 3.7122657
268 3.6967955
269 3.6978164
269 3.6830876
269 3.7003236
269 3.6857066
266 3.7522218
266 3.7367249
266 3.7549183
266 3.7392294
267 3.7402244
267 3.7250855
267 3.7422504
267 3.7271652
268 3.7281926
267 3.7299812
268 3.7302818
263 3.7791705
263 3.7645879
260 3.8273475
260 3.8125768
257 3.875308
257 3.8610039
257 3.876267
257 3.861418
258 3.8620057
258 3.8471482
257 3.878024
257 3.8635094
258 3.8630931
258 3.8498414
258 3.835592
257 3.865596
257 3.851053
257 3.8665879
257 3.852658
258 3.8525767
258 3.8390799
258 3.8542652
258 3.8399675
259 3.8403788
259 3.8265674
260 3.827408
260 3.8134687
261 3.8146753
261 3.801149
260 3.829739
260 3.8163102
261 3.8168473
261 3.8035574
261 3.8181236
261 3.805027
262 3.805491
262 3.7924235
263 3.7929802
263 3.78077
264 3.7808473
264 3.7680922
263 3.7958896
263 3.783017
264 3.7838492
264 3.7712553
264 3.7853456
264 3.7731824
264 3.7863693
264 3.7748344
264 3.7622273
264 3.7623658
264 3.7507215
263 3.790354
263 3.77796
262 3.8044536
262 3.7923403
262 3.8057642
262 3.793578
262 3.7941422
262 3.7820227
260 3.833809
260 3.8217368
261 3.822785
261 3.8105333
261 3.8108413
261 3.7986586
261 3.8119283
261 3.8000073
261 3.8131435
261 3.8012927
262 3.8019996
262 3.7900229
263 3.791318
263 3.7792156
264 3.7799346
264 3.7685387
263 3.7933416
263 3.78202
264 3.7824945
264 3.7711828
264 3.7718678
264 3.7606552
265 3.761457
265 3.7502966
263 3.7982323
263 3.787119
263 3.787745
263 3.7764175
263 3.7892523
263 3.789955
263 3.7785864
263 3.7913043
263 3.779866
259 3.8380415
259 3.8270583
260 3.8275537
260 3.8167067
258 3.8626757
258 3.8517475
258 3.8634536
258 3.8525848
257 3.8753576
257 3.8651252
256 3.887389
256 3.8766618
257 3.8768756
257 3.866194
258 3.8665648
258 3.8557146
258 3.8673422
258 3.857058
258 3.8560977
258 3.8469105
258 3.8687038
258 3.8580248
257 3.8807168
257 3.8696847
256 3.8916378
256 3.881303
257 3.8815796
257 3.8712437
257 3.8821697
257 3.8719285
257 3.8828359
257 3.872606
256 3.8936784
256 3.8838017
257 3.8836174
256 3.8840034
256 3.8740668
257 3.8744752
257 3.8645334
258 3.8652449
258 3.8548987
258 3.8654215
258 3.855843
258 3.8560147
258 3.8463507
259 3.846507
259 3.8367596
259 3.8475986
259 3.837547
260 3.837996
260 3.8285997
260 3.828607
260 3.8190894
259 3.849538
259 3.8398628
258 3.8601203
258 3.8505816
259 3.8510656
259 3.8414822
260 3.8419104
260 3.8324342
259 3.8426476
259 3.8333285
258 3.872264
256 3.8826826
257 3.8830051
257 3.8735292
257 3.883983
257 3.8742132
257 3.8842418
257 3.8748536
257 3.882604
257 3.875488
257 3.866188
257 3.8760426
257 3.8668587
258 3.8671734
258 3.8579447
258 3.8676894
258 3.85872
258 3.8684175
258 3.8594882
258 3.8597798
258 3.8506255
259 3.8514724
259 3.8422012
259 3.8425655
259 3.8335361
260 3.8343418
260 3.825337
260 3.8349242
260 3.8261344
261 3.826426
261 3.8177652
261 3.8272479
261 3.8184516
260 3.8449042
260 3.8377688
259 3.8556254
258 3.8563986
259 3.8562367
259 3.8477676
259 3.8391306
259 3.839215
259 3.830976
260 3.8314514
260 3.823028
260 3.8321602
260 3.8238397
261 3.8241253
261 3.8157918
261 3.8161273
261 3.8077812
260 3.834449
260 3.8261654
260 3.8265085
260 3.8181458
259 3.8443637
259 3.836163
256 3.8878782
256 3.8798864
255 3.9058828
255 3.8971229
256 3.8977065
256 3.889233
256 3.8979747
256 3.8897016
256 3.8982408
256 3.8901331
256 3.8987992
256 3.8904634
256 3.8912134
256 3.8827655
257 3.882945
257 3.8749375
257 3.875165
257 3.8670464
258 3.8674488
258 3.8594437
259 3.8596058
259 3.8520296
259 3.8433173
259 3.844172
259 3.8364527
260 3.8369734
260 3.8289568
260 3.8376038
260 3.8295565
260 3.8299007
260 3.8222723
261 3.82263
261 3.814924
260 3.8393407
260 3.8315709
260 3.8319988
260 3.824305
261 3.8247454
261 3.8170362
261 3.8173985
261 3.8099153
262 3.81017
262 3.8030899
262 3.8032374
262 3.7957807
263 3.7963884
263 3.7887666
263 3.7969453
263 3.7894702
263 3.7977338
263 3.7904332
263 3.7988396
263 3.7911837
263 3.7991168
260 3.8306515
260 3.8229764
261 3.8233154
261 3.8161225
261 3.8165028
261 3.8091173
260 3.8323207
260 3.8250787
260 3.8329852
260 3.8257978
260 3.8339622
260 3.8263383
261 3.8267512
261 3.8195148
261 3.8198814
261 3.8126278
260 3.8282723
260 3.8209445
260 3.8287117
260 3.821779
260 3.8292322
260 3.8222399
261 3.8225114
261 3.815388
260 3.8307698
260 3.8235726
260 3.8384624
260 3.8314457
260 3.8390517
260 3.8320596
260 3.8323092
260 3.8253822
261 3.8256986
261 3.8188643
261 3.8264108
261 3.819517
261 3.8126478
261 3.813012
261 3.8063695
262 3.8064163
262 3.7996745
262 3.807161
262 3.8003602
261 3.8150043
261 3.8081868
262 3.8085802
262 3.801771
262 3.8092015
262 3.8024154
262 3.8028429
262 3.7960916
262 3.8104577
262 3.8037968
262 3.8041391
262 3.7975655
263 3.7979174
263 3.7914035
263 3.791686
263 3.7850478
263 3.7926414
263 3.7858412
263 3.7863142
263 3.7797573
263 3.7938297
263 3.787308
263 3.7877753
263 3.7811828
264 3.7816586
264 3.7752023
264 3.7754297
264 3.7692103
264 3.7627313
264 3.7767463
264 3.7703526
263 3.7841804
263 3.777821
263 3.784981
263 3.77854
263 3.785548
263 3.7795317
262 3.7996452
262 3.7934248
262 3.8069546
262 3.8007176
262 3.8009973
262 3.7947905
262 3.808455
262 3.8019807
262 3.8023565
262 3.7960885
263 3.7963727
263 3.790284
263 3.790478
263 3.7846162
264 3.7846708
264 3.7785914
264 3.778877
264 3.7728512
264 3.7734628
264 3.7672207
265 3.767426
265 3.7614326
265 3.7555304
264 3.7749658
264 3.768941
264 3.7693107
264 3.7633379
264 3.7702146
264 3.7640915
264 3.7707777
264 3.7647445
264 3.7715042
264 3.765513
265 3.7659073
265 3.759944
265 3.766668
265 3.760746
265 3.7674246
265 3.7615197
265 3.7681525
265 3.762265
264 3.7812607
264 3.7753952
264 3.7757208
264 3.7699523
264 3.7764397
264 3.7706177
264 3.7709723
264 3.7650602
264 3.7780967
264 3.7719595
264 3.7723098
264 3.7668016
264 3.7730072
264 3.7672384
265 3.7675939
265 3.7618968
265 3.7622592
265 3.756519
264 3.781143
264 3.7757576
264 3.7760737
264 3.7703016
265 3.7704663
265 3.7647655
265 3.7650738
265 3.759421
265 3.7537854
264 3.778466
264 3.772457
264 3.7729092
264 3.7674215
265 3.7675881
265 3.7619903
265 3.7622986
265 3.7568145
265 3.7630017
265 3.7574885
265 3.7637231
265 3.7582247
265 3.7644846
265 3.7591336
265 3.759222
265 3.7539163
266 3.7540345
266 3.7488613
266 3.7548175
266 3.7493303
266 3.749673
266 3.7443182
266 3.74458
266 3.7394648
266 3.751185
266 3.745729
266 3.7518153
266 3.7466977
266 3.7469113
266 3.7414067
267 3.7413485
267 3.7366812
267 3.7369294
267 3.7314708
267 3.7320874
267 3.7382007
267 3.7327
267 3.73871
267 3.7334783
266 3.7451913
266 3.7398806
266 3.7458887
266 3.7406132
267 3.740978
267 3.7357452
267 3.7360318
267 3.7307997
267 3.731197
267 3.7260072
267 3.731968
267 3.7267911
267 3.7382345
267 3.7331262
267 3.7334547
267 3.7282634
267 3.7341712
267 3.7290552
266 3.745959
266 3.740779
267 3.7411973
267 3.7359762
267 3.7363384
267 3.7312205
267 3.7316701
267 3.7264907
268 3.7269454
268 3.7217667
268 3.722287
268 3.7173305
268 3.7120652
268 3.717855
268 3.7129047
268 3.7131922
268 3.7084417
269 3.7086952
269 3.703604
269 3.7040024
269 3.6991103
270 3.6994343
270 3.6947196
270 3.6948907
270 3.6902537
269 3.7117822
269 3.7068598
269 3.7072299
269 3.702307
269 3.7080262
269 3.703017
269 3.7142856
269 3.7091243
269 3.7095473
269 3.70466
269 3.70499
269 3.7001998
269 3.7057254
269 3.7010632
269 3.7067676
269 3.7016704
269 3.7075522
269 3.702545
269 3.7029128
269 3.6981173
269 3.714093
269 3.7094488
269 3.7095947
269 3.7048538
269 3.7104793
268 3.716033
269 3.7163033
269 3.7111194
269 3.7067504
269 3.7122421
269 3.7074451
268 3.718005
268 3.713479
268 3.713674
268 3.7089756
269 3.7092516
269 3.7047591
269 3.7050025
269 3.7003198
269 3.705769
269 3.7010033
269 3.7014563
269 3.6969135
270 3.697072
270 3.6924906
270 3.6978343
270 3.693282
270 3.6936295
270 3.6890383
270 3.689612
270 3.6847236
270 3.690092
270 3.685712
271 3.6859934
271 3.6813173
270 3.6966372
270 3.6921246
270 3.6925974
270 3.6880639
271 3.6882489
271 3.683878
271 3.6841223
271 3.6796036
271 3.679907
271 3.6755853
272 3.6758933
272 3.6712987
271 3.6765785
271 3.6772075
271 3.6725385
271 3.6729558
271 3.6685002
271 3.6786351
271 3.6741657
271 3.674579
271 3.6701252
272 3.6705246
272 3.666051
272 3.6664717
272 3.6620672
272 3.6624565
272 3.6580493
273 3.658478
273 3.6540337
272 3.6688182
272 3.6644602
271 3.67925
271 3.6748543
271 3.6799977
271 3.675559
270 3.6949742
270 3.6906161
270 3.6957514
270 3.6914027
270 3.7011588
270 3.696779
270 3.7018652
270 3.6975298
270 3.6978865
270 3.6935658
270 3.698632
270 3.6943035
270 3.6946278
270 3.6903312
270 3.7000434
270 3.6957335
270 3.6960716
270 3.691742
270 3.6874566
270 3.6879578
270 3.6834981
270 3.688494
270 3.6842325
271 3.6846497
271 3.6803854
271 3.6853447
271 3.681055
271 3.6860023
271 3.681926
271 3.6824107
271 3.6779919
270 3.6966455
270 3.6926434
270 3.6974082
270 3.693144
270 3.6935456
270 3.6892786
269 3.707893
269 3.7036192
269 3.7039733
269 3.699815
270 3.7001727
270 3.6960447
270 3.6964223
270 3.6921074
270 3.6924384
270 3.688288
269 3.70671
269 3.702469
269 3.7072864
269 3.7032876
269 3.7126825
268 3.7217896
268 3.722101
268 3.7179213
268 3.7181697
268 3.7137716
268 3.7099628
269 3.7102528
269 3.7061427
269 3.7064195
269 3.7022896
269 3.7072842
269 3.7029655
268 3.7211895
268 3.7169628
268 3.7216902
268 3.7175705
268 3.7178488
268 3.7137916
268 3.7184525
268 3.7143383
269 3.7148633
269 3.7106483
268 3.7284532
268 3.724411
268 3.724712
268 3.7206666
268 3.7209384
268 3.716922
268 3.7215288
268 3.717698
268 3.7177625
268 3.7139118
268 3.718357
268 3.7145143
268 3.7189815
268 3.715002
269 3.715277
269 3.7113419
269 3.7116685
269 3.70765
269 3.7079794
269 3.7039576
269 3.7043066
269 3.7003605
270 3.700649
270 3.6966684
270 3.697086
270 3.69733
270 3.6935697
270 3.6937542
270 3.6898174
270 3.6901307
270 3.6862376
270 3.686554
270 3.682626
271 3.6831791
271 3.6790922
270 3.6921053
270 3.6882503
270 3.688516
270 3.6846418
270 3.689185
270 3.6853027
271 3.6856787
271 3.6818545
271 3.6821868
271 3.6783128
271 3.6786788
271 3.6748009
271 3.675124
271 3.6713345
271 3.679998
271 3.6761043
271 3.676623
271 3.6726801
272 3.6730187
272 3.66927
272 3.6697626
272 3.6659794
272 3.670231
272 3.6664553
272 3.6668434
272 3.6632442
272 3.6715991
272 3.6678374
272 3.668162
272 3.6645467
272 3.6606688
272 3.66109
272 3.6572835
272 3.6657786
272 3.6620646
272 3.6705825
272 3.6669602
272 3.6671493
272 3.6634789
272 3.6638193
272 3.6601295
273 3.6605616
273 3.6567204
273 3.6570811
273 3.6533985
272 3.6698132
272 3.6663167
272 3.670491
272 3.6667802
272 3.6711662
272 3.667521
272 3.672
272 3.6681263
271 3.6764412
271 3.6728199
272 3.6731606
272 3.6694326
272 3.6697757
272 3.666161
272 3.6664774
272 3.662844
272 3.6750436
272 3.671467
272 3.6717918
272 3.668109
272 3.6724246
272 3.668763
272 3.669147
272 3.665467
272 3.6657813
272 3.6623998
272 3.658637
273 3.6589282
273 3.6555488
272 3.663591
272 3.6599417
272 3.6603165
272 3.6567204
273 3.6570833
273 3.6535542
273 3.6578777
273 3.654142
273 3.654704
273 3.6510074
273 3.659075
273 3.6555507
273 3.655855
273 3.6523404
273 3.6526475
273 3.6491427
273 3.6494384
273 3.6461396
273 3.6501398
273 3.646707
273 3.6509366
273 3.6473138
274 3.6476793
274 3.6442063
273 3.64838
273 3.6448293
273 3.6490228
273 3.6455753
273 3.6534543
273 3.6501486
273 3.654085
273 3.6507986
273 3.6508803
273 3.6475616
273 3.6441247
274 3.6443923
274 3.641171
274 3.6451042
274 3.6416826
274 3.6457448
274 3.6423569
273 3.6539843
273 3.650526
273 3.6546197
273 3.6511533
273 3.6552665
273 3.6518745
273 3.6522682
273 3.6487765
273 3.649063
273 3.6456761
273 3.6497438
273 3.6462946
273 3.650517
273 3.6470191
274 3.6473598
274 3.6439393
274 3.6442962
274 3.6409383
274 3.6412702
274 3.6379888
274 3.638229
274 3.6348352
274 3.638895
274 3.6354806
274 3.6470187
274 3.6435492
274 3.643863
274 3.6405365
274 3.640892
274 3.637561
274 3.6415088
274 3.6418495
274 3.6384737
274 3.642622
274 3.6391985
274 3.6395001
274 3.6361918
Start time: 17/12/2018 12:57:35.089
End time: 17/12/2018 01:02:10.124
Duration: 275035 milliseconds (275.035 seconds)
Average latency: 275 milliseconds
Reads average latency: 11 milliseconds
Writes average latency: 509 milliseconds
Average throughput: 3.6359007 operations per second
Number of requests: 1000
Number of reads: 470
Number of writes: 530
Number of timeouts: 0
Percentage of writes: 50%
Number of replicas: 4
