0 3.3670034
0 1.8832392
0 1.2820513
0 0.9615385
184 5.335366
162 5.2596974
162 6.047279
130 6.886375
130 6.134969
154 6.3066616
154 5.7533264
154 5.2527905
180 5.0898204
180 4.815864
167 5.818567
167 5.456349
180 5.376344
180 5.0638485
193 5.0209203
193 4.7675805
209 4.7429333
209 4.5207953
223 4.4195137
223 4.2918453
223 4.130918
239 4.137931
239 3.9887724
250 3.965444
235 4.124278
235 3.988301
244 3.9840636
244 3.8600423
242 4.0958924
242 3.9845307
250 3.978629
237 4.101086
237 3.9879284
245 3.9840636
245 3.8803227
251 3.8871722
251 3.7974682
258 3.7983098
258 3.7105753
261 3.80297
261 3.7270389
261 3.8098538
261 3.7348273
261 3.657827
251 3.9081583
251 3.8314176
246 3.9906104
246 3.911043
240 4.1409426
240 4.0677466
243 4.063861
243 3.9942937
248 3.9907582
248 3.9218383
248 3.9935021
248 3.9273114
248 3.860246
251 3.930919
251 3.863694
254 3.8653364
254 3.8088217
255 3.8684719
255 3.8158839
251 3.9340026
251 3.8773146
255 3.878622
255 3.824092
252 3.9376628
252 3.8836014
256 3.8853812
238 4.153797
238 4.0949183
240 4.0975103
240 4.0467167
241 4.0952525
241 4.0411096
244 4.044988
244 3.994544
247 3.992112
247 3.9488084
250 3.945329
250 3.9008079
254 3.9046352
254 3.8567994
257 3.8508036
257 3.8189974
249 3.9933298
249 3.9496527
247 4.037627
235 4.208647
235 4.165264
237 4.1593876
237 4.1184464
238 4.1583433
238 4.1148944
240 4.113583
240 4.0722733
243 4.07316
243 4.034135
244 4.0720677
244 4.0337925
242 4.106544
241 4.1087704
242 4.1065483
242 4.0687656
240 4.1410875
240 4.1024904
242 4.1026006
242 4.066766
243 4.0995092
243 4.065323
243 4.030591
246 4.0300546
246 3.996207
239 4.163589
239 4.1290665
239 4.1606126
239 4.1287107
241 4.124716
241 4.0928135
243 4.09181
243 4.059883
245 4.0586457
245 4.0284805
244 4.085802
242 4.090042
242 4.057476
244 4.054463
244 4.0266843
241 4.114245
241 4.0852575
242 4.0845113
242 4.055079
244 4.0536237
244 4.0244923
245 4.0539
245 4.023347
247 4.025901
247 3.9966464
247 4.0242004
247 3.9963617
247 4.02431
247 3.995651
249 3.9963276
249 3.9711287
250 3.9688883
250 3.9439902
250 3.9697146
250 3.9438975
251 3.9710348
251 3.944519
251 3.9704905
251 3.9447231
251 3.9713657
251 3.9468062
251 3.9710288
251 3.9471724
252 3.947693
252 3.9233959
254 3.9237666
254 3.9002883
252 3.947717
252 3.9250412
254 3.9255803
254 3.9032006
255 3.9036782
252 3.926885
254 3.9272187
252 3.928819
252 3.9053528
251 3.9517567
251 3.9284256
252 3.9285634
252 3.9073906
254 3.9077327
254 3.8869023
255 3.8878703
255 3.8647342
253 3.9317622
253 3.9104934
253 3.9327543
253 3.9106145
254 3.9120119
254 3.8904717
255 3.8908038
255 3.871402
256 3.891946
256 3.8726604
257 3.872197
257 3.8540013
255 3.9153786
255 3.895415
256 3.896104
256 3.8763604
257 3.8767476
257 3.8584566
257 3.8385808
256 3.8762758
256 3.8599393
257 3.8595667
257 3.841354
254 3.9205031
254 3.901949
255 3.9010706
255 3.8818245
255 3.9034235
255 3.8833847
256 3.884008
256 3.8658586
257 3.8660517
257 3.8496587
259 3.8495705
259 3.8321235
254 3.9235818
254 3.90625
255 3.907528
255 3.8892207
256 3.888949
256 3.8724945
258 3.8718195
258 3.855653
258 3.838602
258 3.8574677
258 3.840623
252 3.9457374
252 3.927566
253 3.928559
253 3.9117024
254 3.911477
254 3.894174
255 3.8938293
255 3.8791862
257 3.879761
257 3.8635983
258 3.8636518
258 3.847179
259 3.849153
259 3.8332536
259 3.8504574
259 3.8343055
256 3.8999395
256 3.8843472
257 3.8840609
257 3.8690956
256 3.9016716
256 3.8859482
256 3.902641
256 3.8869145
256 3.9034104
255 3.9031146
255 3.886538
256 3.8887415
256 3.8736777
256 3.8881574
256 3.8753707
257 3.874479
257 3.8603532
256 3.8907537
255 3.8917015
255 3.9071968
255 3.8932233
255 3.9075415
255 3.893498
256 3.8933141
256 3.8787913
256 3.8644338
257 3.8661315
257 3.8513553
258 3.8513355
258 3.8372312
259 3.8378787
259 3.8244796
259 3.8387716
259 3.825522
260 3.8263662
260 3.8122704
256 3.8839648
256 3.8702543
256 3.8846197
256 3.8716037
256 3.8859742
256 3.872447
257 3.8728373
257 3.8595567
258 3.859615
258 3.8466313
259 3.8473165
259 3.8334634
260 3.8345025
260 3.8215694
261 3.8220706
261 3.8091123
262 3.809806
262 3.7971797
263 3.7971468
263 3.7850518
263 3.7859666
263 3.773435
264 3.7736845
264 3.7612276
265 3.7615666
262 3.800891
262 3.7900496
259 3.8424594
259 3.830773
258 3.8562233
258 3.8435829
259 3.8445275
259 3.8322008
259 3.846154
259 3.8335576
260 3.833502
260 3.8217525
260 3.822457
260 3.810288
260 3.836541
260 3.824068
256 3.8867502
256 3.8746736
256 3.887545
256 3.875063
255 3.9120944
255 3.9006617
255 3.901012
255 3.8892062
254 3.925227
254 3.9145565
255 3.9136353
255 3.9029193
255 3.9026961
255 3.891097
256 3.8915136
256 3.8795097
257 3.8797283
257 3.868837
255 3.9045043
255 3.8931494
255 3.9046516
255 3.8930914
255 3.8828633
254 3.917024
254 3.9061599
252 3.9524326
252 3.9411697
251 3.9642076
251 3.9529755
250 3.97526
250 3.9645126
242 4.1118236
242 4.100305
242 4.111379
242 4.0996957
242 4.110617
242 4.0992303
242 4.1094975
242 4.098634
242 4.109483
242 4.097908
243 4.0983157
243 4.0864754
243 4.1076984
243 4.097465
243 4.096709
243 4.085713
244 4.0848613
244 4.074222
243 4.0956664
243 4.0847917
244 4.0839953
244 4.0736027
244 4.0835037
244 4.0732117
245 4.072499
245 4.0622454
246 4.0616956
246 4.0509686
245 4.0713964
245 4.0616364
246 4.06067
246 4.051197
246 4.040425
246 4.0500927
246 4.0401325
246 4.0497093
246 4.040134
245 4.0710435
245 4.060218
245 4.059526
245 4.0497365
245 4.069248
245 4.0599785
245 4.059499
245 4.0486646
245 4.069002
245 4.058889
242 4.1087675
242 4.0984426
243 4.098157
243 4.087991
243 4.098239
243 4.087153
244 4.0878644
244 4.077342
243 4.096754
243 4.0868607
244 4.0860906
244 4.076986
245 4.0764036
245 4.0667334
245 4.0756016
245 4.0666466
245 4.0757866
245 4.0655475
245 4.063991
245 4.0561175
245 4.046386
246 4.0463142
246 4.0367284
247 4.0366416
247 4.0270104
247 4.0273633
247 4.01761
248 4.0176063
248 4.008297
247 4.02647
247 4.017558
248 4.017033
248 4.008183
249 4.0077567
249 3.9989681
247 4.0353713
247 4.0260453
247 4.035579
247 4.0259266
247 4.044416
247 4.0352263
245 4.06235
245 4.053272
246 4.0521636
246 4.0442796
247 4.0439262
247 4.0347166
247 4.0437293
247 4.0341654
247 4.034233
247 4.025164
247 4.016527
247 4.0258365
247 4.0165963
248 4.0165243
248 4.0077696
248 4.0072603
248 3.998915
249 3.9988475
249 3.9901032
249 3.9993742
249 3.989973
250 3.9899602
250 3.9816208
250 3.981626
250 3.973134
250 3.9904573
250 3.9815052
250 3.981817
250 3.9734647
250 3.990165
250 3.9816284
250 3.982072
250 3.9732523
250 3.99045
250 3.9821184
250 3.9821894
250 3.9739096
250 3.9819307
250 3.9739854
251 3.9736423
251 3.9658124
251 3.9655216
251 3.9575107
252 3.9663522
252 3.9574246
252 3.9579356
252 3.949486
252 3.9413629
253 3.9413862
253 3.933827
253 3.9336412
253 3.9256482
253 3.9419575
253 3.933853
253 3.9346857
253 3.9265327
251 3.9745755
251 3.9669476
251 3.966664
251 3.9589548
252 3.9594793
252 3.9508376
252 3.9517207
252 3.9432864
253 3.9435236
253 3.9361367
253 3.943902
253 3.9357064
253 3.9362655
253 3.928241
253 3.9360528
253 3.9287972
253 3.944189
253 3.9367628
253 3.944712
253 3.9371607
253 3.9368863
253 3.9295917
253 3.9374628
253 3.9371288
253 3.9302082
253 3.9377015
253 3.9302945
253 3.9300978
253 3.9228232
254 3.923328
254 3.915587
253 3.9308949
253 3.923555
253 3.9384038
253 3.931226
253 3.9317691
253 3.923716
254 3.9242117
254 3.916937
254 3.924436
254 3.917217
254 3.9170797
254 3.9096985
255 3.9104738
255 3.903016
254 3.9326506
254 3.9255254
254 3.9252005
254 3.9187481
254 3.9181798
254 3.911648
255 3.918821
255 3.9116564
255 3.91176
255 3.9050024
255 3.904863
255 3.8978884
256 3.8981006
256 3.8907423
256 3.8912184
256 3.8843176
256 3.8914132
256 3.8917463
256 3.8848538
256 3.885059
256 3.8781204
256 3.8855226
256 3.8782773
257 3.8788495
257 3.871642
257 3.8721688
257 3.8652987
258 3.8655899
258 3.8587286
258 3.8592732
258 3.852231
258 3.8597643
258 3.852826
259 3.8530555
259 3.8464475
257 3.8740885
257 3.8677626
258 3.8675635
258 3.861483
258 3.861562
258 3.854584
259 3.8550713
259 3.8484716
259 3.8556454
259 3.8486998
257 3.87655
257 3.8696425
258 3.8702319
258 3.863333
258 3.8637471
258 3.8576128
258 3.850511
258 3.8574688
258 3.8512723
259 3.8515992
259 3.8447626
259 3.8455365
259 3.8391688
260 3.8391552
260 3.8331513
260 3.8394089
260 3.8336794
259 3.8465867
259 3.8406112
260 3.8405955
260 3.834169
260 3.8347695
260 3.8284485
260 3.8286796
260 3.82279
260 3.8290892
260 3.823019
261 3.8233073
261 3.817166
260 3.8300993
260 3.824513
260 3.8374672
260 3.8310215
260 3.8376696
260 3.8318372
260 3.8382657
259 3.8515363
259 3.8453896
256 3.890453
256 3.884289
257 3.884201
257 3.877993
255 3.9102237
255 3.9039438
255 3.9044178
255 3.8979447
256 3.8981304
256 3.8919587
255 3.9047983
255 3.8983657
256 3.898819
256 3.892465
255 3.9051256
255 3.8992932
254 3.9240394
254 3.9184904
254 3.9183245
254 3.912606
255 3.9121592
255 3.9063709
255 3.912721
255 3.906732
255 3.9127004
255 3.9068987
255 3.907186
255 3.9008114
256 3.9014413
256 3.8952146
256 3.895636
256 3.8894851
256 3.8957403
256 3.889797
256 3.8902006
256 3.8844247
257 3.8840353
257 3.8784978
257 3.8786345
257 3.8727474
258 3.8729153
258 3.8670783
258 3.8615365
258 3.861859
258 3.8554878
256 3.8861494
256 3.8801274
256 3.8861876
256 3.8804374
256 3.8924127
256 3.8867624
256 3.886585
256 3.8811207
257 3.8812733
257 3.8756037
257 3.8758323
257 3.8698008
258 3.8702185
258 3.8646665
258 3.8648643
258 3.8591552
257 3.8768277
257 3.871163
257 3.8829534
257 3.8776565
257 3.88318
257 3.877494
257 3.8779178
257 3.8722782
258 3.8725739
258 3.866691
258 3.8671715
258 3.8614025
258 3.8614905
258 3.856431
259 3.8565037
259 3.8507836
259 3.856671
259 3.8513615
259 3.8459134
259 3.851761
259 3.8463717
259 3.8466105
259 3.84094
259 3.8526626
259 3.8472586
259 3.8528385
259 3.8476875
259 3.8475993
259 3.8424268
259 3.8426688
259 3.8373241
259 3.843129
259 3.8378198
260 3.8378747
260 3.8324819
260 3.8329265
260 3.8275764
260 3.8333464
260 3.8280947
260 3.8283107
260 3.8230176
261 3.8233237
261 3.8179052
261 3.818134
261 3.8129048
262 3.8131397
262 3.8079526
261 3.824561
261 3.8193517
261 3.8250384
261 3.8198633
261 3.825534
260 3.8311894
260 3.825944
260 3.826448
260 3.8209755
261 3.8217316
261 3.8161776
261 3.8165066
261 3.8116918
259 3.8437414
259 3.8385766
260 3.8388126
260 3.8336272
260 3.8340533
260 3.828969
260 3.8289928
260 3.8238683
261 3.824345
261 3.8190987
261 3.8246076
261 3.8194957
261 3.8199759
261 3.8149636
261 3.8202887
261 3.8152294
261 3.8262093
261 3.820975
261 3.821149
261 3.8164346
261 3.8166144
261 3.811679
262 3.811706
262 3.8069878
262 3.8070407
262 3.8020647
261 3.8232002
261 3.818334
261 3.8234992
261 3.818803
261 3.818584
261 3.8143182
262 3.814302
261 3.819694
261 3.8147585
261 3.815074
261 3.809884
262 3.8105748
262 3.80554
262 3.8058264
262 3.8007917
262 3.8012185
262 3.7961836
263 3.7966533
263 3.7915795
263 3.7921305
263 3.7870564
262 3.8076699
262 3.8031626
262 3.8081536
262 3.803676
262 3.8034642
262 3.7989655
262 3.798989
262 3.794355
262 3.8047874
262 3.800063
262 3.800198
262 3.7953024
262 3.800638
262 3.7959986
262 3.8009813
262 3.7964094
263 3.7968676
263 3.791956
262 3.8072693
262 3.8023937
262 3.802674
262 3.797798
262 3.802953
262 3.7983122
262 3.8034542
262 3.7986937
262 3.7944827
262 3.7994254
262 3.794835
262 3.7997472
262 3.7953155
262 3.805308
262 3.8004751
262 3.8009374
262 3.796085
263 3.7965512
263 3.7920089
263 3.7968402
263 3.7924728
263 3.7975657
263 3.7927344
262 3.802956
262 3.7982383
261 3.817652
261 3.8128912
261 3.8228416
261 3.818231
261 3.8184476
261 3.8139262
261 3.818915
261 3.8144217
260 3.8428187
260 3.8384356
260 3.8435538
260 3.8388531
260 3.8437595
260 3.839269
260 3.8394759
260 3.8347669
260 3.8398347
260 3.8353517
260 3.8353472
260 3.831059
260 3.8310597
260 3.8267508
261 3.826935
261 3.8224626
261 3.818054
261 3.822875
261 3.8184586
261 3.8187218
261 3.8141086
261 3.8144999
261 3.8100426
261 3.8195758
261 3.814965
261 3.8153887
261 3.8107936
261 3.8158123
261 3.81121
261 3.8207808
261 3.8163748
261 3.8212075
261 3.8166194
261 3.8170202
261 3.8126214
262 3.8130426
262 3.8085887
260 3.8313305
260 3.827005
261 3.8272874
261 3.822993
261 3.8276951
261 3.8233926
261 3.828135
261 3.823687
261 3.8238683
261 3.8195553
261 3.8197234
261 3.8156302
261 3.8158367
261 3.8115518
262 3.8113878
262 3.8075426
262 3.8032815
262 3.8079205
262 3.803702
262 3.8038697
262 3.799817
261 3.8134089
261 3.8090684
261 3.8135183
261 3.809305
262 3.8094985
262 3.8052826
262 3.805631
262 3.8014784
262 3.8016632
262 3.7975574
263 3.7977126
263 3.79357
263 3.7981553
263 3.794038
263 3.794279
263 3.790142
263 3.794529
263 3.7906153
263 3.790612
263 3.7867274
263 3.7954698
263 3.7913585
262 3.8004053
262 3.7961166
262 3.804991
262 3.8010018
262 3.8098028
262 3.8057518
262 3.8059933
262 3.801677
262 3.8106844
262 3.8064702
262 3.8065958
262 3.8027368
262 3.802736
262 3.7988083
263 3.7992818
262 3.7991722
263 3.7993047
263 3.7954614
263 3.791417
263 3.7958632
263 3.7920356
263 3.7920628
263 3.788199
263 3.7884707
263 3.7842672
263 3.7847018
263 3.780575
264 3.7807422
264 3.776946
264 3.7770214
264 3.773047
264 3.777694
264 3.7736006
264 3.7780323
264 3.7738683
264 3.7743087
264 3.7701578
265 3.7705538
265 3.7668386
265 3.7669241
265 3.7630482
265 3.7631378
265 3.759165
265 3.7595851
265 3.7557638
266 3.7558298
266 3.752113
266 3.752322
266 3.7484777
266 3.7487514
266 3.7450876
266 3.753184
266 3.7496774
266 3.7538428
265 3.7582607
266 3.758262
264 3.771167
264 3.7669237
264 3.7715561
264 3.7675664
265 3.7678638
265 3.7637944
265 3.7643852
265 3.7604494
265 3.7686205
265 3.7650087
265 3.7690423
265 3.765574
265 3.7656581
265 3.7618818
264 3.7862327
264 3.7824583
263 3.7987087
263 3.7948685
262 3.8073099
262 3.8033774
262 3.807391
262 3.8036942
261 3.8240154
261 3.8200965
261 3.8201234
261 3.8163383
261 3.8205874
261 3.816809
261 3.8288789
261 3.8250847
261 3.8252425
261 3.8216863
261 3.8215604
261 3.8177886
261 3.817953
261 3.8142073
262 3.8143601
262 3.8107
262 3.8149643
262 3.8112807
262 3.8112266
262 3.8076732
262 3.8040075
262 3.8040652
262 3.800143
262 3.8006792
262 3.7967827
263 3.7970097
263 3.7933607
263 3.793326
263 3.7899382
263 3.7940946
263 3.7900956
263 3.7943318
263 3.7906625
263 3.798564
263 3.7949126
263 3.798938
263 3.795454
262 3.7993977
262 3.79557
263 3.7958684
263 3.7924588
263 3.7924976
263 3.788648
262 3.8119879
262 3.8083732
262 3.8083959
262 3.8048644
262 3.8050792
262 3.8014848
262 3.801529
262 3.7980027
Start time: 17/12/2018 12:57:35.081
End time: 17/12/2018 01:01:58.298
Duration: 263217 milliseconds (263.217 seconds)
Average latency: 263 milliseconds
Reads average latency: 9 milliseconds
Writes average latency: 509 milliseconds
Average throughput: 3.7991467 operations per second
Number of requests: 1000
Number of reads: 493
Number of writes: 507
Number of timeouts: 0
Percentage of writes: 50%
Number of replicas: 4
