0 3.6231885
0 1.9607843
366 2.635046
366 1.9627085
252 3.869969
252 3.3090668
291 3.3370411
291 2.9658923
291 2.6666667
307 3.1974418
307 2.8985507
307 2.644628
284 3.3142512
284 3.1258879
261 3.7125432
261 3.4904013
275 3.5236082
275 3.31785
289 3.362051
289 3.1891568
292 3.4149117
292 3.2673807
306 3.2412145
284 3.4785488
284 3.3476806
282 3.5362852
282 3.4084172
292 3.409091
272 3.5827477
272 3.4565277
271 3.6082473
271 3.4956303
273 3.6231885
273 3.524436
282 3.532361
282 3.4440615
282 3.348817
290 3.362404
290 3.2746623
297 3.2960448
297 3.2198265
297 3.32668
297 3.2530904
297 3.3566182
297 3.2894735
302 3.296322
302 3.2312925
308 3.237858
301 3.2525613
301 3.195654
285 3.4455755
285 3.3796759
279 3.5426245
279 3.4758172
284 3.4886258
284 3.426124
288 3.433296
288 3.3762834
287 3.456924
287 3.3995469
292 3.4069319
288 3.4200168
288 3.3614511
292 3.3709972
292 3.3194
296 3.3286932
296 3.2833862
300 3.292181
300 3.2426171
299 3.3103135
299 3.2655818
294 3.3870072
294 3.3424656
298 3.3464673
294 3.3569562
294 3.3110843
289 3.426969
289 3.382534
291 3.3910315
291 3.3461518
295 3.357859
295 3.3159409
294 3.3702455
294 3.3319054
293 3.3850493
293 3.3461914
296 3.3532383
296 3.3154693
299 3.3166008
299 3.2891815
302 3.2942417
302 3.2581782
297 3.3518112
297 3.3181605
297 3.2814472
290 3.4091382
290 3.3815827
292 3.38513
292 3.3512335
295 3.3575826
295 3.3238368
298 3.3317657
298 3.2998173
294 3.3818839
294 3.3514872
294 3.3934093
294 3.3643603
292 3.406272
292 3.373547
295 3.3808348
295 3.3492994
297 3.3559444
297 3.3266094
293 3.4013605
285 3.475843
285 3.4462557
282 3.5202842
282 3.4895146
277 3.5953093
277 3.565478
276 3.601282
276 3.5728335
276 3.6075273
276 3.5783365
275 3.6147277
275 3.5865047
275 3.6205647
275 3.5936377
277 3.5928886
277 3.56956
277 3.5411198
280 3.5445952
280 3.516893
279 3.5500135
279 3.524986
279 3.5567312
279 3.5309908
272 3.650481
272 3.6242306
266 3.7421088
266 3.713889
265 3.7465844
265 3.7181995
267 3.7200522
267 3.6953282
269 3.697921
269 3.671571
271 3.6739879
271 3.6490474
270 3.6779404
270 3.6548548
272 3.6562593
272 3.6324675
274 3.6356082
274 3.611319
276 3.6138096
276 3.5903444
272 3.6697712
272 3.6470647
259 3.848172
259 3.8239968
261 3.8273494
261 3.8017218
262 3.804878
262 3.781085
264 3.7811282
264 3.7593985
265 3.7609196
265 3.739468
267 3.7409124
264 3.7651129
265 3.7663908
265 3.7457514
266 3.7453184
263 3.7708251
263 3.7485518
262 3.794895
262 3.774433
260 3.8202045
260 3.7998312
257 3.8675742
257 3.8445485
258 3.8453135
258 3.824424
260 3.826448
260 3.8048968
260 3.8273215
260 3.8071337
261 3.8079119
261 3.788038
263 3.7889888
263 3.7694197
264 3.7703016
264 3.7525773
264 3.7735074
264 3.754259
263 3.7962606
263 3.7760994
264 3.7779071
264 3.760075
265 3.7590246
265 3.7419074
265 3.722891
267 3.7239568
267 3.7063768
268 3.7085218
268 3.6909637
267 3.7296216
267 3.7111428
268 3.7144978
268 3.6954215
269 3.6969275
269 3.6796455
269 3.6994133
269 3.6837208
269 3.7029493
269 3.6861603
270 3.686653
270 3.6703613
272 3.6726606
272 3.655447
272 3.6742854
270 3.6769981
270 3.6609104
271 3.6608555
271 3.6453726
273 3.6464849
273 3.6301143
271 3.6679943
271 3.6522374
271 3.6696613
271 3.6545424
272 3.65546
272 3.637295
273 3.6414375
273 3.6257052
275 3.628692
275 3.6122313
270 3.6976929
270 3.681922
260 3.8338976
260 3.8180556
261 3.8188672
261 3.8028424
256 3.9012764
255 3.9019315
254 3.9339485
254 3.918786
254 3.9344158
254 3.9192474
255 3.9198813
255 3.9040802
254 3.9363232
254 3.9201486
254 3.9034944
253 3.9362082
253 3.9216294
254 3.9204142
254 3.907517
251 3.96801
251 3.9535382
252 3.953052
252 3.9379056
253 3.9387374
253 3.9246466
253 3.9388428
253 3.924682
254 3.9243774
254 3.9097342
254 3.8953154
255 3.8962762
255 3.8813257
256 3.881817
256 3.8675969
257 3.8681345
257 3.8546255
255 3.8976786
255 3.8842213
255 3.9135294
255 3.899109
253 3.9278193
253 3.91395
253 3.9281626
253 3.9149966
253 3.9286113
253 3.9155362
254 3.9151757
254 3.9029403
255 3.90225
255 3.8891187
255 3.9171486
255 3.9030404
255 3.9038506
255 3.8906798
256 3.8903646
256 3.8777494
257 3.8782132
257 3.8653567
257 3.878457
257 3.8660996
257 3.879986
256 3.8804348
257 3.8803174
257 3.867505
258 3.867483
258 3.854194
258 3.842647
259 3.8427584
259 3.8307235
260 3.8314672
260 3.818904
260 3.8327436
260 3.8204515
261 3.8217046
261 3.8086534
261 3.8092105
261 3.797053
262 3.798312
262 3.786027
263 3.786506
263 3.7752304
263 3.7883961
263 3.7761075
262 3.8021405
262 3.7899296
263 3.7904341
263 3.779354
264 3.7800727
264 3.7681267
260 3.8292818
260 3.8188696
260 3.8303099
260 3.81982
259 3.8438048
259 3.8323781
260 3.8325121
260 3.8211422
261 3.8215353
261 3.8108046
262 3.810913
262 3.7997844
263 3.8003695
263 3.7891152
263 3.7791576
263 3.7784398
263 3.7910311
262 3.8040345
262 3.792711
262 3.8042858
262 3.793462
262 3.8053136
262 3.7950232
262 3.7950878
262 3.7849257
260 3.8302524
260 3.8193667
258 3.8534348
258 3.8432317
256 3.8876696
256 3.87739
255 3.9105341
255 3.89982
255 3.90001
255 3.8891695
256 3.8895156
256 3.8798237
255 3.911911
255 3.901877
255 3.9123883
255 3.9021964
256 3.902544
256 3.8917618
255 3.91337
255 3.9029503
256 3.9031255
256 3.8932855
256 3.8930733
256 3.883269
256 3.9043128
256 3.893999
256 3.8938684
256 3.884532
256 3.8945038
256 3.8854167
256 3.8746405
257 3.8744433
257 3.8653133
255 3.90629
255 3.897052
256 3.8975558
256 3.8871896
252 3.948174
252 3.9386506
253 3.9381666
253 3.9291935
253 3.9387176
253 3.9286397
254 3.9291744
254 3.9194064
253 3.9392123
253 3.9293122
253 3.9398282
253 3.930053
252 3.9505732
252 3.9398847
253 3.9409256
253 3.930354
253 3.9407513
253 3.9312327
254 3.9308634
254 3.922103
254 3.9219112
254 3.9126058
255 3.912212
255 3.9036145
255 3.9131603
255 3.903328
256 3.902215
256 3.8946533
256 3.8943849
254 3.9145265
254 3.9044733
255 3.905068
255 3.8957486
254 3.924632
254 3.9151254
253 3.9336894
253 3.9246101
254 3.9247127
254 3.9156234
255 3.9157467
255 3.9067202
255 3.9161718
255 3.907186
255 3.9074352
255 3.8984032
256 3.8986712
256 3.8897362
256 3.8899162
256 3.8814652
256 3.8904152
256 3.8821068
256 3.8904536
256 3.8828828
257 3.882518
257 3.873675
256 3.8923736
256 3.8831656
256 3.8925064
255 3.910381
255 3.9019892
255 3.9026895
255 3.8933866
256 3.8935525
256 3.8854408
256 3.885215
256 3.8771222
255 3.903146
255 3.895357
254 3.921466
254 3.912621
255 3.9127762
255 3.9042592
255 3.9047685
255 3.8964388
255 3.9049761
255 3.8965821
256 3.8967364
256 3.8888936
256 3.888766
256 3.880445
257 3.880731
257 3.8724952
257 3.8811033
257 3.8737168
257 3.8732986
257 3.8652446
257 3.873861
257 3.865775
258 3.8660223
258 3.8584032
259 3.8583448
259 3.8504214
259 3.8588982
259 3.8509114
259 3.8512814
259 3.843753
259 3.8354998
260 3.8357418
260 3.828384
260 3.8365672
260 3.8287702
260 3.8290555
260 3.8211815
261 3.8222222
261 3.8143008
260 3.8304002
260 3.8227098
261 3.823065
261 3.8154812
261 3.816093
261 3.8080974
262 3.809236
262 3.8011045
262 3.8016188
262 3.7944963
262 3.8022215
262 3.794648
261 3.8269014
261 3.8190987
261 3.8271294
261 3.8200738
261 3.820097
261 3.8125768
262 3.8133256
262 3.8057
261 3.8214886
261 3.8140826
261 3.8225005
261 3.81471
261 3.808003
262 3.8080792
262 3.8009148
262 3.8009756
262 3.793823
261 3.817171
261 3.8099577
262 3.8100286
262 3.8028848
260 3.8333836
260 3.8262806
259 3.8415565
259 3.8342927
260 3.8349473
260 3.827551
260 3.8352199
260 3.8284497
258 3.8656535
258 3.8583682
258 3.8592305
258 3.8518693
258 3.8591518
258 3.8524716
259 3.85229
259 3.8459563
258 3.8601837
258 3.8537476
258 3.8610322
258 3.8536627
259 3.854181
259 3.8475218
259 3.8474917
259 3.840618
259 3.8550668
259 3.8480937
259 3.8555603
259 3.8486946
259 3.8561609
259 3.8494012
259 3.842583
259 3.8428633
259 3.8359985
260 3.8363717
260 3.829217
260 3.8298717
260 3.8227544
260 3.8304179
260 3.8233244
259 3.8523998
259 3.8451555
259 3.845534
259 3.8391073
260 3.8390932
260 3.8327527
260 3.83275
260 3.8261764
261 3.8261328
261 3.819884
261 3.8197732
261 3.8137667
261 3.8276985
261 3.8207805
261 3.8281844
261 3.8216298
261 3.8288505
261 3.8219516
261 3.8225935
261 3.815496
261 3.8232996
261 3.8167162
261 3.8235872
260 3.830848
260 3.824079
260 3.831082
260 3.824927
261 3.825298
261 3.8185072
261 3.82601
261 3.8196738
261 3.8263607
261 3.820376
259 3.8465884
259 3.840847
259 3.8471215
259 3.8411446
260 3.8411276
260 3.8346994
260 3.8352993
260 3.8289769
261 3.8291063
261 3.8230653
261 3.8296146
261 3.8232684
260 3.8368585
260 3.8306952
260 3.837114
260 3.8315172
260 3.831517
260 3.82508
261 3.8252883
261 3.8194735
261 3.8194935
261 3.8132656
261 3.8074484
262 3.8075125
262 3.8014796
261 3.814554
261 3.8084564
262 3.808761
262 3.8027642
261 3.815657
261 3.8098612
262 3.810186
262 3.8038883
262 3.8108318
262 3.8045528
261 3.817441
261 3.811482
262 3.8117533
262 3.805798
262 3.8060062
262 3.800623
262 3.8130903
262 3.8075244
262 3.8072562
262 3.8016224
262 3.8078754
262 3.8020465
262 3.808444
262 3.8027964
262 3.8032393
262 3.7970335
263 3.7978096
263 3.7917473
263 3.79232
263 3.7863314
263 3.7866566
263 3.7808793
264 3.7814412
264 3.7758265
263 3.7877185
263 3.7823403
264 3.7826
264 3.7766078
264 3.777398
264 3.7774827
264 3.7720687
263 3.7844992
263 3.7782547
263 3.7851427
263 3.779276
262 3.809297
262 3.8036597
262 3.8036575
262 3.7983608
262 3.798322
262 3.7929814
263 3.7932642
263 3.7877226
263 3.7878342
263 3.7821836
263 3.7885897
263 3.7831538
263 3.7893186
263 3.7837207
264 3.783771
264 3.7784843
264 3.778784
264 3.7736287
261 3.8198912
261 3.8142977
261 3.8148086
261 3.8090181
261 3.827023
261 3.8215828
261 3.8216634
261 3.8159616
261 3.816094
261 3.8111153
261 3.8226824
261 3.8170116
261 3.822948
261 3.8174453
261 3.8122835
261 3.823636
261 3.8185022
261 3.818543
261 3.8131502
261 3.813392
261 3.8080432
262 3.8082914
262 3.8029861
262 3.8087864
262 3.803666
262 3.8039618
262 3.7986705
262 3.8042963
262 3.7992737
262 3.7993834
262 3.794044
263 3.7943296
263 3.7890117
263 3.7950664
263 3.7898667
263 3.7899265
263 3.784665
264 3.785253
264 3.7798874
264 3.7856553
264 3.78047
264 3.7807493
264 3.7756057
264 3.7758908
264 3.7707472
265 3.771059
265 3.7659564
265 3.766274
265 3.761171
265 3.756021
265 3.7566144
265 3.7512414
265 3.7574732
265 3.752012
265 3.7578018
265 3.7530603
266 3.753029
266 3.7479856
266 3.7483423
266 3.7432785
266 3.7436006
266 3.7388554
267 3.7390037
267 3.733999
267 3.7398944
267 3.734763
265 3.7615464
265 3.7565186
264 3.7729077
264 3.7677388
265 3.768084
265 3.7630935
265 3.7686727
265 3.7637339
265 3.7692192
265 3.764568
264 3.77526
264 3.770161
264 3.780876
264 3.775999
264 3.7814844
264 3.776541
264 3.7767715
264 3.772179
265 3.7722394
265 3.767392
265 3.7674587
264 3.7735462
264 3.773585
264 3.7738948
264 3.7739332
264 3.7694683
264 3.7646673
265 3.7647948
265 3.7600315
264 3.7754498
264 3.7706661
264 3.77113
264 3.7661343
264 3.7765691
264 3.7717316
264 3.7723064
264 3.7672582
265 3.7677226
265 3.763262
263 3.7933862
263 3.788583
263 3.7888103
263 3.7843282
263 3.7893767
263 3.7846782
263 3.7949147
263 3.7902024
263 3.7956147
263 3.7907243
262 3.8010345
262 3.796394
263 3.7964208
263 3.7917788
262 3.8019054
262 3.7972121
262 3.8121822
262 3.8077128
262 3.8127003
262 3.8080168
262 3.8082523
262 3.8036046
262 3.803845
262 3.7990837
262 3.7948718
263 3.7947333
263 3.7903516
263 3.7904038
263 3.7857802
263 3.786279
263 3.7814698
263 3.7866132
263 3.7819617
263 3.7921057
263 3.7873855
263 3.7972243
263 3.792856
262 3.8073628
262 3.8027194
262 3.803339
262 3.7986205
260 3.8321877
260 3.8276095
260 3.8373425
260 3.8327327
260 3.8331144
260 3.828575
261 3.8287969
261 3.8242915
261 3.8242457
261 3.8198833
261 3.829751
261 3.8250668
260 3.8394234
260 3.8349376
260 3.8396568
260 3.8351452
260 3.8447094
260 3.8402207
259 3.845091
259 3.8405943
260 3.8407805
260 3.8362634
260 3.836633
260 3.8321493
260 3.827729
260 3.827698
260 3.8236659
261 3.8237286
261 3.8191085
261 3.8239238
261 3.8194733
261 3.8199458
261 3.815334
260 3.8339922
260 3.8295505
260 3.8297637
260 3.825337
260 3.8303115
260 3.8257017
261 3.826146
261 3.8215513
261 3.8219466
261 3.817472
261 3.8177667
261 3.8134978
261 3.8180761
261 3.813765
262 3.8140624
262 3.8097825
262 3.8097906
262 3.8056974
262 3.805779
262 3.8015277
262 3.801734
262 3.7974455
262 3.8021276
262 3.798053
263 3.798075
263 3.7940137
263 3.793871
263 3.7900434
263 3.7900743
263 3.7861915
263 3.7818117
264 3.7819028
264 3.7777224
264 3.7823696
264 3.7782316
264 3.778477
264 3.774302
264 3.778949
264 3.7747664
264 3.7749646
264 3.7710278
263 3.7886612
263 3.7847354
263 3.7936766
263 3.7895384
263 3.7895694
263 3.7856433
263 3.7900786
263 3.785946
263 3.7861624
263 3.7822568
264 3.7822635
264 3.7783866
264 3.7828014
264 3.7787032
264 3.7791061
264 3.7748413
264 3.7751007
264 3.7711427
264 3.775488
264 3.77183
265 3.771751
265 3.7676516
265 3.7724028
265 3.7682302
265 3.7683978
265 3.7645772
264 3.7774389
264 3.7735367
264 3.769771
264 3.7739546
264 3.7741146
264 3.7702968
264 3.7662785
264 3.770752
264 3.7669492
264 3.7712371
264 3.767394
265 3.7676873
265 3.7635067
265 3.768177
265 3.764068
265 3.7683952
265 3.764437
264 3.77718
264 3.7735534
264 3.773664
264 3.7695904
265 3.7698312
265 3.7658494
264 3.7746396
264 3.7704875
264 3.7750456
264 3.7713256
264 3.775403
264 3.7715025
265 3.771755
265 3.7677727
264 3.7805932
264 3.77675
264 3.7767937
264 3.7728846
264 3.7771912
264 3.7736468
264 3.7737556
264 3.7700515
264 3.7781205
264 3.7745903
264 3.7746356
264 3.770853
265 3.770841
264 3.7755566
264 3.7713232
263 3.7881718
263 3.7841642
263 3.784445
263 3.7803576
264 3.7809331
264 3.77698
264 3.7810857
264 3.7772934
264 3.777442
264 3.7739656
264 3.7821057
264 3.7783122
264 3.7823613
264 3.7787578
264 3.7787826
264 3.775129
264 3.7795744
264 3.7755036
264 3.7757132
264 3.7719865
264 3.7722745
264 3.768724
265 3.7686539
265 3.7649195
265 3.7652428
265 3.761519
265 3.7655442
265 3.7619767
265 3.770118
265 3.7666125
265 3.7665453
265 3.7628274
265 3.7709353
265 3.7672353
265 3.7674348
265 3.76376
265 3.7641401
265 3.7602544
265 3.7683764
265 3.7646856
265 3.768726
265 3.7654252
265 3.7613955
265 3.7658684
265 3.7618458
265 3.7624295
265 3.7584915
265 3.7586532
265 3.7552962
266 3.7556064
266 3.7516472
265 3.7597914
265 3.7559958
265 3.7602267
265 3.7566116
265 3.7568176
265 3.753372
265 3.7689073
265 3.7651093
265 3.7692208
265 3.7655892
265 3.7657995
265 3.762135
265 3.766363
265 3.7627912
264 3.77814
264 3.7744923
264 3.7748797
264 3.77117
265 3.7713876
265 3.767889
265 3.7682095
265 3.7646916
265 3.7685916
264 3.7725842
264 3.7688868
265 3.7691195
265 3.7655325
265 3.7657394
265 3.7623463
265 3.762471
265 3.7588894
265 3.7591298
265 3.7555583
Start time: 17/12/2018 12:57:35.102
End time: 17/12/2018 01:02:01.438
Duration: 266336 milliseconds (266.336 seconds)
Average latency: 266 milliseconds
Reads average latency: 10 milliseconds
Writes average latency: 508 milliseconds
Average throughput: 3.7546558 operations per second
Number of requests: 1000
Number of reads: 487
Number of writes: 513
Number of timeouts: 0
Percentage of writes: 50%
Number of replicas: 4
