0 3.3898306
0 1.9723865
0 1.2870013
0 0.9643202
579 1.5278839
579 1.3271401
580 1.6519824
580 1.4858841
580 1.3227514
414 2.391391
414 2.1684134
414 1.9717385
439 2.1116138
439 1.9903327
449 2.1231422
449 1.9965061
416 2.341372
416 2.2241993
423 2.3075309
423 2.191235
436 2.2779043
436 2.1754897
448 2.2108843
352 2.8150356
352 2.7117562
360 2.7603128
360 2.6666667
360 2.5684931
370 2.6170797
370 2.5269318
320 3.089996
320 2.9932654
307 3.2537959
307 3.1693861
313 3.1839893
313 3.1121485
313 3.0201705
321 3.052953
321 2.968574
327 2.9943109
327 2.921983
335 2.9476085
335 2.8794353
343 2.898288
343 2.8457093
338 2.944743
338 2.8921404
338 2.8295605
344 2.8529508
344 2.7953038
339 2.9030993
339 2.8428736
344 2.8642497
344 2.8133562
341 2.9057097
341 2.8536777
345 2.8733618
345 2.8236914
327 3.04651
327 3.0
327 2.9457974
320 3.0957756
320 3.043561
317 3.1259768
317 3.0748417
320 3.0910964
320 3.0413265
324 3.0557678
324 3.0116992
316 3.139628
316 3.0954525
320 3.108348
320 3.0673165
324 3.0764248
324 3.0382175
324 3.000316
328 3.0104847
328 2.9731393
331 2.9850748
331 2.9472003
334 2.9601855
334 2.9239767
317 3.1317756
317 3.0945015
315 3.1520512
315 3.1133828
314 3.1700816
314 3.1333728
304 3.2691448
302 3.2896197
298 3.3391914
298 3.3043478
301 3.310404
287 3.445489
287 3.4083738
290 3.4142482
290 3.3790743
292 3.3856823
292 3.3506923
279 3.5601423
279 3.5221024
281 3.5267842
281 3.4928396
281 3.5360136
281 3.5019603
284 3.5099638
284 3.474168
286 3.4794195
286 3.4472642
288 3.4526622
288 3.4208348
291 3.4279594
291 3.395706
293 3.4020765
290 3.4079843
290 3.3767488
288 3.4528735
288 3.4238448
290 3.4264982
290 3.3979614
290 3.4369938
290 3.40816
292 3.4129694
292 3.3853495
291 3.422029
291 3.3945625
293 3.4018962
293 3.3729973
295 3.3772268
295 3.351268
295 3.3267207
295 3.3621082
295 3.336339
292 3.4022741
292 3.3761773
293 3.3806627
293 3.3561945
295 3.361442
295 3.3362093
297 3.343048
297 3.3173609
297 3.3505085
297 3.3271823
287 3.4704869
287 3.4464693
284 3.5054088
284 3.4819508
281 3.540732
281 3.5152688
283 3.5184052
283 3.4953
284 3.498067
284 3.4773967
286 3.4790738
286 3.4561915
288 3.4616272
288 3.4387896
290 3.4413826
290 3.4204369
289 3.45
289 3.4289124
289 3.455425
289 3.4341502
284 3.5106537
284 3.4895556
284 3.5164623
282 3.5193565
283 3.5225515
283 3.5022125
285 3.5041509
281 3.531503
281 3.5099952
283 3.5139632
283 3.492888
284 3.495465
284 3.4773517
282 3.52407
282 3.5042794
282 3.5292277
282 3.5095513
283 3.513812
283 3.4949665
284 3.4959688
284 3.4770515
286 3.4795763
286 3.4623656
284 3.5068963
284 3.4878774
285 3.4908814
285 3.4725876
287 3.476003
287 3.457253
283 3.522002
283 3.503854
284 3.5063975
284 3.4884431
284 3.5114784
284 3.4937499
285 3.4953096
285 3.480348
285 3.4616532
287 3.4642491
287 3.4469175
288 3.4504392
288 3.4328067
289 3.4354923
289 3.4202898
291 3.4232743
291 3.4055252
287 3.4656765
287 3.448864
288 3.45283
288 3.4353294
288 3.4582026
288 3.4407082
289 3.4432967
289 3.4272447
288 3.468208
288 3.4514875
287 3.4716544
287 3.456638
289 3.457217
287 3.4613247
287 3.4455056
287 3.4656193
287 3.449984
288 3.4538662
288 3.4374506
284 3.509691
284 3.4958954
285 3.4967456
285 3.4823983
284 3.4999828
284 3.4850943
285 3.4881742
285 3.4745762
284 3.5107856
284 3.4955046
284 3.5134683
284 3.5000584
278 3.5838726
278 3.570307
273 3.6531785
273 3.6380918
274 3.6409945
274 3.625132
274 3.64284
274 3.6286812
273 3.6616507
273 3.6468914
274 3.6482396
274 3.635036
274 3.62021
275 3.621192
275 3.6068246
273 3.6377828
273 3.6255562
274 3.6270072
274 3.6136208
276 3.614495
276 3.6006496
277 3.6022286
277 3.5883713
278 3.58993
278 3.5764947
279 3.5772262
279 3.5655432
279 3.551179
279 3.5687733
279 3.5545552
280 3.5564082
280 3.5435965
281 3.5446966
281 3.5328467
282 3.5335176
282 3.5209227
280 3.5513723
280 3.5386012
280 3.5547912
280 3.5418453
279 3.5730045
279 3.5592234
280 3.5620387
280 3.5484962
281 3.5499804
281 3.5376205
282 3.539182
282 3.527043
282 3.528484
282 3.5163684
283 3.5178847
283 3.5070894
284 3.5076227
284 3.4957902
285 3.497404
285 3.4855447
286 3.4873703
286 3.4762769
285 3.5042667
285 3.4929607
285 3.507187
285 3.4964573
285 3.4847803
285 3.4858787
285 3.4755921
285 3.489512
285 3.4781024
282 3.5315504
282 3.5203066
283 3.5217173
283 3.5104413
279 3.563189
279 3.5518079
280 3.5533707
280 3.5421824
281 3.5440795
281 3.5327218
282 3.5339243
282 3.5226276
283 3.5242512
283 3.5132308
284 3.5148294
284 3.5039065
283 3.517867
283 3.5067859
284 3.5093315
284 3.497701
281 3.548045
281 3.5373487
281 3.5507405
281 3.5401437
279 3.5774944
279 3.5667965
278 3.59204
278 3.5813627
278 3.5826936
278 3.5720644
279 3.5732033
279 3.5627491
280 3.564035
280 3.5533767
280 3.543901
281 3.5444043
281 3.5342262
281 3.536027
281 3.5253596
282 3.526646
282 3.5165544
282 3.5293984
282 3.5193968
283 3.5206454
283 3.5106854
284 3.5120316
284 3.5021522
284 3.5033963
284 3.4945781
285 3.4950936
285 3.4854493
286 3.4867659
286 3.4771597
286 3.4897246
286 3.4798942
286 3.4815183
286 3.4722602
285 3.505351
284 3.5079281
281 3.5524755
281 3.5426695
281 3.5557482
281 3.5452178
281 3.5464816
281 3.5370638
282 3.538267
282 3.5288455
283 3.5300267
283 3.5207148
283 3.5219486
283 3.51267
283 3.5243592
283 3.5157895
284 3.5160637
284 3.5069354
284 3.497964
285 3.4993439
285 3.4903653
285 3.492011
285 3.482664
286 3.4838538
286 3.475221
287 3.4763882
287 3.467676
287 3.4688215
287 3.4600315
286 3.4819505
286 3.472855
287 3.474221
287 3.4657154
287 3.4666748
287 3.4580574
288 3.4594119
288 3.4507177
289 3.4520495
289 3.4435194
285 3.4944959
285 3.4858
286 3.4871008
286 3.4785001
287 3.479778
287 3.4713395
287 3.4721885
287 3.4640796
288 3.4654138
288 3.4569576
288 3.459071
288 3.4500039
289 3.4514253
289 3.4430838
290 3.4426043
290 3.4365902
290 3.4279838
290 3.429375
290 3.4212496
290 3.4320724
290 3.4238825
290 3.4346478
290 3.4266832
291 3.4280255
291 3.4201133
289 3.4494011
289 3.4412203
289 3.4525964
289 3.4439342
289 3.4452183
289 3.4371226
288 3.457503
288 3.4490666
288 3.4595108
288 3.451582
288 3.4618468
288 3.4540117
289 3.4552495
289 3.4473085
289 3.4569907
289 3.4502327
289 3.451065
289 3.4440389
290 3.444512
290 3.4376228
290 3.4292638
290 3.4308975
290 3.4228961
289 3.44196
289 3.4343934
289 3.4443877
289 3.4369094
290 3.4380536
290 3.4305618
290 3.431745
290 3.4242399
291 3.42564
291 3.4182398
291 3.4281263
291 3.4206345
289 3.4477112
289 3.4403572
290 3.4414396
290 3.4346895
290 3.4356625
290 3.4279573
291 3.4297872
291 3.4220405
291 3.4232936
291 3.4160283
291 3.4255822
291 3.418458
292 3.4197083
292 3.412397
292 3.4143686
292 3.4066715
292 3.4161828
292 3.4091666
292 3.4186332
292 3.4114716
292 3.4210634
290 3.4387214
290 3.4315622
289 3.449437
289 3.4416356
289 3.443256
289 3.436342
290 3.4376578
290 3.4305038
290 3.431798
290 3.424602
290 3.433844
290 3.4270048
291 3.4281576
291 3.421247
291 3.4224067
291 3.4154809
290 3.4406784
290 3.4337704
290 3.4350052
290 3.4280546
290 3.4450262
290 3.4382732
289 3.4550488
289 3.4489274
289 3.4495223
289 3.4427593
290 3.4440112
290 3.4370973
290 3.4381673
290 3.4313993
288 3.4636471
288 3.4569623
288 3.4660168
288 3.4590318
288 3.467647
287 3.469284
287 3.4620402
285 3.4937174
285 3.4871447
284 3.5034156
284 3.4966369
284 3.512827
284 3.506189
284 3.5071242
284 3.5005481
284 3.5093014
284 3.5023236
284 3.5108557
284 3.504217
284 3.5051718
284 3.4985163
284 3.5150042
284 3.507988
284 3.5165977
284 3.5099695
282 3.5328362
282 3.5263848
282 3.5345857
282 3.5279994
280 3.5588758
280 3.5519025
281 3.552645
281 3.546151
281 3.5542774
281 3.547804
281 3.5558462
281 3.5494196
281 3.550236
281 3.5438936
281 3.5519361
280 3.5599496
280 3.5535476
280 3.5544767
280 3.5484378
280 3.563022
280 3.556711
280 3.557501
280 3.5511463
281 3.5520194
281 3.545672
281 3.546526
281 3.5401855
281 3.5410216
281 3.5347133
282 3.5356057
282 3.529329
282 3.5301533
282 3.5239825
283 3.5248132
283 3.5187223
283 3.5195591
283 3.5135229
282 3.542019
282 3.5358183
281 3.5509746
281 3.5443633
281 3.552153
281 3.5459776
281 3.5467317
281 3.540635
281 3.5483541
281 3.5421784
282 3.5430548
282 3.5372465
282 3.537648
282 3.5320835
282 3.5257494
283 3.5269077
283 3.5206757
283 3.5214586
283 3.5155408
283 3.5164244
283 3.510441
282 3.5312767
282 3.5259235
282 3.5395517
282 3.533757
282 3.5344377
282 3.528647
282 3.5360022
282 3.5302284
281 3.550921
281 3.5448842
280 3.565414
280 3.5597942
280 3.566769
280 3.5610483
280 3.5616257
280 3.5563734
281 3.5565631
281 3.55085
281 3.5515099
281 3.5458465
281 3.5468106
281 3.5409436
281 3.5354838
281 3.548543
281 3.5429754
280 3.55632
280 3.5508952
278 3.5900095
278 3.584321
277 3.604236
277 3.5983822
277 3.598975
277 3.5932174
277 3.600246
277 3.594527
276 3.6078274
276 3.6021144
277 3.6027863
277 3.5971222
277 3.5977774
277 3.5921388
278 3.592777
278 3.5871637
278 3.5877182
278 3.5821526
278 3.5827804
278 3.5773065
279 3.5778952
279 3.5723794
279 3.579222
279 3.573611
279 3.580982
279 3.5749445
279 3.5755973
279 3.570618
279 3.5707722
279 3.565553
280 3.5659766
280 3.5605848
280 3.5612535
280 3.5558205
281 3.5564725
281 3.551515
281 3.5522583
280 3.5647607
279 3.5773103
279 3.5719018
279 3.572524
279 3.567139
279 3.5617917
280 3.5628743
280 3.5575912
280 3.56386
280 3.5586765
280 3.5591638
280 3.5538757
280 3.5544953
280 3.5493143
281 3.5498967
281 3.5446956
281 3.545346
281 3.5401669
279 3.5702732
279 3.5651984
280 3.5655851
280 3.5605528
280 3.5609663
280 3.5562873
280 3.556478
280 3.5512812
281 3.5519125
281 3.5468402
281 3.5531907
281 3.5485625
281 3.5487843
281 3.543623
281 3.5500026
281 3.5453851
281 3.5571647
281 3.5519392
280 3.5579033
280 3.5536888
281 3.553981
281 3.5487902
281 3.54418
281 3.5446467
281 3.5394309
282 3.540044
282 3.5350902
282 3.5357678
282 3.530754
281 3.5426984
281 3.5377092
281 3.544204
281 3.5390277
282 3.5395947
282 3.534638
282 3.5409021
282 3.5359771
282 3.5366242
282 3.5317185
282 3.532311
282 3.527484
283 3.5281
283 3.5231943
283 3.5238538
283 3.5190258
283 3.5251865
283 3.5203118
283 3.52103
283 3.5161166
283 3.5222666
283 3.517442
284 3.5181792
284 3.5132966
284 3.5140371
284 3.5091543
284 3.504781
284 3.510507
284 3.5057251
284 3.5120237
284 3.5071387
284 3.50771
284 3.5034306
284 3.5091503
284 3.5043333
284 3.5105827
284 3.5059273
283 3.5277717
283 3.5234838
282 3.5397284
282 3.535475
282 3.5356982
282 3.5310094
282 3.536933
282 3.532236
282 3.53818
282 3.5334003
282 3.5396826
282 3.5350628
281 3.5564277
281 3.5517426
280 3.557539
280 3.5529394
280 3.5639117
280 3.559633
280 3.5598738
280 3.5551836
281 3.5562286
281 3.5512216
281 3.5569952
281 3.5523887
280 3.5581644
280 3.5537157
280 3.5644343
280 3.5598788
280 3.5605578
280 3.5559456
281 3.556426
281 3.5514655
281 3.5472844
281 3.5529814
281 3.5483904
281 3.5489142
281 3.5447934
280 3.5654447
280 3.5609336
280 3.5614023
280 3.5572882
280 3.5575252
280 3.553029
281 3.5535955
281 3.5490258
281 3.554724
281 3.5503616
280 3.5608008
280 3.5563884
280 3.5568748
280 3.552496
281 3.553022
281 3.5486054
281 3.5493479
281 3.5446455
281 3.5501895
281 3.54617
281 3.5464349
281 3.5419362
282 3.5426986
282 3.5381982
282 3.5438144
282 3.5394638
281 3.5497284
281 3.5455215
281 3.5459418
281 3.5415926
282 3.5420694
282 3.538101
282 3.53839
282 3.5339673
282 3.5345204
282 3.5306141
282 3.5259414
283 3.526537
283 3.5222588
282 3.5374374
282 3.5331395
282 3.5385942
282 3.5342884
282 3.5348523
282 3.530544
282 3.540789
282 3.5365353
282 3.5370765
282 3.5328205
282 3.5334158
282 3.5291066
281 3.553633
281 3.5494115
280 3.5643375
280 3.5600793
280 3.56536
280 3.56106
280 3.5663269
280 3.5621207
280 3.5626576
280 3.5584655
280 3.5589044
280 3.554693
280 3.559947
280 3.555778
281 3.5563018
281 3.5521467
281 3.5526736
281 3.548516
281 3.5490127
281 3.5448854
281 3.550085
281 3.54595
281 3.5464637
281 3.5423093
281 3.5381975
281 3.5481799
281 3.5438893
280 3.562984
280 3.5588675
280 3.5640628
280 3.559938
280 3.5650377
280 3.5608885
280 3.561362
280 3.5576036
280 3.5670724
280 3.5629728
280 3.5679846
280 3.5642855
279 3.5690396
279 3.5649235
280 3.5654697
280 3.561351
280 3.5618675
280 3.5577624
280 3.5628319
280 3.558832
280 3.559349
280 3.5553782
280 3.5606213
280 3.5562875
280 3.5658114
280 3.5618033
280 3.5623295
280 3.558254
280 3.558735
280 3.5550723
281 3.5553
281 3.5513146
281 3.5562959
280 3.5567765
281 3.557208
280 3.5665503
280 3.5627334
280 3.5631886
280 3.5592413
280 3.5641277
280 3.5603304
280 3.560707
280 3.556717
280 3.5664191
280 3.5621948
280 3.5626779
280 3.5587344
280 3.559189
280 3.5553052
281 3.555747
281 3.5518131
281 3.5526783
281 3.5484762
280 3.5620825
280 3.5582209
280 3.5587032
280 3.5548382
281 3.5552921
281 3.5514548
281 3.5518959
281 3.54824
281 3.552837
281 3.5493112
281 3.549461
281 3.5459614
281 3.54613
281 3.5423353
281 3.5514178
281 3.5476565
281 3.5481582
281 3.5443168
281 3.5576956
281 3.553837
281 3.5543451
281 3.550559
281 3.5510087
281 3.547189
281 3.5477624
281 3.5481687
281 3.5445602
281 3.549159
281 3.5453765
281 3.5458436
281 3.5421026
281 3.5468047
281 3.5430257
281 3.5481064
281 3.5440047
281 3.544515
281 3.540814
282 3.5412374
282 3.5376813
282 3.538018
282 3.5342948
282 3.539015
282 3.535343
282 3.5358286
282 3.5321083
282 3.5326257
282 3.5289018
282 3.5418634
282 3.5382113
282 3.5387056
282 3.5349617
282 3.5399258
282 3.5359683
282 3.536448
282 3.5328388
282 3.5334668
282 3.529824
283 3.5301049
283 3.5264733
283 3.5270178
283 3.5235415
283 3.5238569
283 3.5203764
284 3.5207376
283 3.5254183
283 3.5216877
283 3.526329
283 3.5226629
283 3.527222
283 3.5236483
283 3.5282402
283 3.5247586
282 3.5332105
282 3.529674
282 3.5382466
282 3.5346835
282 3.5352392
282 3.5315294
282 3.532016
282 3.5284593
283 3.5289054
283 3.5253873
283 3.5258493
283 3.522285
283 3.5269694
283 3.5233119
282 3.5399292
282 3.536195
282 3.5406497
282 3.537162
282 3.541621
282 3.5380268
281 3.5464518
281 3.5429585
280 3.5592694
280 3.5557423
280 3.5601282
280 3.5566633
281 3.5571012
281 3.553534
281 3.5579607
281 3.5544138
281 3.5549083
281 3.551343
281 3.548022
281 3.5483403
281 3.5448477
281 3.5530868
281 3.5499578
280 3.5618634
280 3.558316
280 3.5626905
280 3.5591903
279 3.5713313
279 3.567885
279 3.5800636
279 3.5764074
279 3.581059
279 3.57745
279 3.577693
279 3.574247
279 3.5746305
279 3.5711942
279 3.579294
279 3.5758598
279 3.5762267
279 3.5731456
279 3.573226
279 3.5698657
279 3.5703328
279 3.56679
280 3.567232
280 3.5638356
280 3.5642655
280 3.560797
280 3.5650692
280 3.561701
280 3.5620506
280 3.558976
280 3.5590568
280 3.5560045
280 3.559825
280 3.5565891
280 3.5532382
279 3.5687149
279 3.5656145
280 3.5660915
280 3.5624485
280 3.5665865
280 3.5632715
280 3.5636954
280 3.5603225
280 3.5645006
280 3.5611203
280 3.5617175
280 3.558266
280 3.5624835
280 3.5590777
280 3.559449
280 3.5561452
280 3.5640202
280 3.560652
280 3.561365
280 3.5578203
280 3.5582304
280 3.5549064
280 3.562752
280 3.5594692
280 3.5598764
280 3.5566685
281 3.5569856
281 3.553668
281 3.5578015
281 3.5544631
280 3.5588627
280 3.5553336
280 3.559398
280 3.5561488
280 3.5639067
280 3.560646
280 3.5610087
280 3.5579
280 3.5544722
280 3.5588355
280 3.5553484
280 3.5593665
280 3.556131
280 3.556547
280 3.5533454
280 3.5610936
280 3.5577133
280 3.5617201
280 3.5588088
280 3.558899
280 3.5559826
280 3.5561132
280 3.5529227
281 3.5534272
281 3.5504236
281 3.5541406
281 3.5509632
281 3.5513783
281 3.5482855
281 3.5521562
281 3.548979
281 3.5529695
281 3.5497465
281 3.5501482
281 3.5472748
281 3.5545108
281 3.5514877
Start time: 17/12/2018 12:57:35.084
End time: 17/12/2018 01:02:16.260
Duration: 281176 milliseconds (281.176 seconds)
Average latency: 281 milliseconds
Reads average latency: 9 milliseconds
Writes average latency: 510 milliseconds
Average throughput: 3.5564914 operations per second
Number of requests: 1000
Number of reads: 458
Number of writes: 542
Number of timeouts: 0
Percentage of writes: 50%
Number of replicas: 4
