0 3.4246576
0 1.9531249
366 2.5608194
264 2.8818443
303 3.0604436
303 2.6472535
348 2.7472527
348 2.471577
348 2.200704
397 2.3875844
397 2.173913
397 1.9691501
388 2.4103646
388 2.2720819
399 2.3828435
399 2.25
378 2.5730994
378 2.4444444
359 2.7310922
359 2.5875795
375 2.6555388
331 2.8985507
343 2.8891912
286 3.4745202
286 3.3535612
282 3.5249043
282 3.4053893
282 3.2861836
262 3.7113402
262 3.5995202
271 3.6031399
271 3.4904013
266 3.73404
266 3.637217
274 3.6376038
274 3.5551603
274 3.450135
282 3.4725876
282 3.37665
288 3.392198
288 3.3135173
296 3.32668
296 3.2497678
304 3.2593935
304 3.2002845
303 3.2900434
295 3.3163264
295 3.2445922
301 3.2623768
301 3.1936128
292 3.3728137
292 3.302865
297 3.3155
297 3.2566059
297 3.3405955
297 3.2807932
295 3.362993
295 3.3048747
299 3.318884
299 3.2636206
299 3.2068064
290 3.4173706
290 3.3597465
293 3.375211
293 3.3200123
297 3.3327274
297 3.2790794
296 3.350773
296 3.3005211
290 3.4242668
290 3.3760974
285 3.4961154
285 3.4499755
289 3.453486
281 3.5171864
281 3.4733183
277 3.5806954
277 3.5362856
275 3.5914817
275 3.545922
278 3.5532744
278 3.508088
278 3.565406
278 3.522971
270 3.6707609
270 3.6238618
274 3.6305146
274 3.5868332
277 3.5819826
277 3.5557134
276 3.6021788
276 3.5645976
280 3.5695853
280 3.5283115
280 3.4941485
277 3.5818408
277 3.54493
279 3.5482688
279 3.5116045
282 3.5195775
282 3.4819767
281 3.526231
281 3.4922976
284 3.497041
284 3.4633682
287 3.471698
287 3.4362977
283 3.515914
283 3.4834263
286 3.488499
286 3.4563458
288 3.4632962
288 3.4305925
290 3.436667
288 3.442281
288 3.4107354
288 3.4524014
288 3.4233806
287 3.4596267
287 3.432075
284 3.5013542
284 3.4743845
286 3.4775262
286 3.4493876
288 3.4535687
288 3.4258525
288 3.464458
286 3.4662588
286 3.4406867
288 3.44467
288 3.4195342
290 3.422272
290 3.3960452
292 3.4028835
292 3.3757772
284 3.4978397
284 3.472526
285 3.4769506
285 3.451946
281 3.5415416
281 3.515437
280 3.5471973
280 3.5225048
278 3.5811448
278 3.5563643
279 3.5597906
279 3.5359719
279 3.567375
279 3.5417225
279 3.5713334
279 3.547883
276 3.6028926
276 3.5816057
276 3.608515
276 3.5847838
276 3.6151066
276 3.5912585
272 3.66875
272 3.6464229
266 3.749625
266 3.7267082
266 3.7512338
266 3.72814
267 3.729706
267 3.7072935
267 3.732871
267 3.711508
269 3.7126062
266 3.7384946
266 3.7165976
267 3.7172985
267 3.695612
268 3.6995075
268 3.676386
270 3.6778982
270 3.6588416
271 3.6592803
271 3.6387322
273 3.640587
273 3.621176
274 3.6235888
274 3.6028118
274 3.6267505
274 3.6071272
271 3.6737695
271 3.6555994
272 3.656581
272 3.638143
274 3.6386714
274 3.6196048
271 3.6850922
271 3.6660557
269 3.7089221
269 3.6890483
270 3.690642
270 3.671746
272 3.6735606
272 3.655015
271 3.675806
271 3.6600733
271 3.6404145
271 3.661916
271 3.643669
273 3.646201
273 3.6275697
274 3.6300812
274 3.612968
271 3.671453
271 3.654733
272 3.6558197
272 3.638086
271 3.6789675
271 3.661078
272 3.6627982
272 3.6450198
273 3.6466625
273 3.6296637
272 3.6697922
272 3.6521008
273 3.6530843
273 3.6373508
274 3.6370838
274 3.6224737
274 3.6059194
274 3.6253133
274 3.6089587
275 3.6122077
275 3.5950406
277 3.5967455
277 3.5826087
276 3.6003602
276 3.584909
278 3.5854592
278 3.5702693
279 3.5730085
279 3.5590806
280 3.5611815
280 3.5456822
281 3.5466926
281 3.5331569
282 3.533862
282 3.5204866
281 3.55421
281 3.539533
280 3.5591257
278 3.5761309
278 3.5940359
278 3.5800679
276 3.6132388
276 3.5986757
277 3.6002169
277 3.5871878
278 3.5875716
278 3.5745778
278 3.56017
277 3.592515
277 3.5786529
277 3.5957844
277 3.5825136
277 3.598893
277 3.5851083
278 3.586746
278 3.5729487
277 3.6048589
277 3.591369
277 3.6071239
277 3.5952902
277 3.5813947
275 3.6125772
275 3.5999467
276 3.6004665
276 3.5874968
277 3.5890074
277 3.5758593
277 3.5925705
277 3.5786731
277 3.5944738
277 3.5815485
277 3.5975864
277 3.5844853
277 3.6012697
277 3.58794
277 3.5895984
277 3.5764575
278 3.5778425
278 3.5653863
279 3.5668504
279 3.5546176
280 3.5559614
280 3.5442898
279 3.5726554
279 3.5616927
280 3.5620213
280 3.5505373
281 3.5514348
281 3.5393925
282 3.5415628
282 3.529254
281 3.5575287
281 3.5460992
281 3.5468059
281 3.5360022
281 3.5241942
277 3.590924
277 3.580328
278 3.58081
278 3.5691028
278 3.5832987
278 3.5723991
279 3.573133
279 3.5626552
279 3.5630062
279 3.5520802
278 3.579162
278 3.5673933
279 3.5692136
279 3.557776
280 3.558898
280 3.5475216
279 3.574553
279 3.562886
279 3.5767512
279 3.565636
277 3.604093
277 3.5927405
277 3.595048
277 3.5831335
278 3.5844476
278 3.5736427
279 3.574804
279 3.5641365
279 3.5773218
279 3.5670533
280 3.567922
280 3.5573168
280 3.558719
280 3.5481613
281 3.5493717
281 3.5389879
282 3.5403435
282 3.5297565
282 3.5203445
282 3.5325801
282 3.5224369
282 3.5242698
282 3.5136385
283 3.5149586
283 3.504901
284 3.5063193
284 3.4963837
285 3.4976985
285 3.487804
281 3.5458581
281 3.535884
282 3.5370317
282 3.5281296
281 3.5509453
281 3.5411477
281 3.5423071
281 3.5325484
282 3.5338821
282 3.5239272
281 3.547623
281 3.5384614
281 3.5494404
281 3.540171
281 3.5523202
281 3.5425155
278 3.5881147
278 3.5774887
279 3.578666
279 3.5691633
278 3.591723
278 3.58216
278 3.583197
278 3.5737457
279 3.5748384
279 3.5654209
280 3.5662284
280 3.557333
280 3.5485191
277 3.6011515
277 3.5925767
277 3.5929265
277 3.5837455
277 3.5954823
277 3.5858593
276 3.607392
276 3.5984538
277 3.5994463
277 3.5906827
277 3.601306
277 3.5921807
277 3.5934708
277 3.5840843
277 3.5952697
277 3.586468
278 3.5871105
278 3.5785527
278 3.589246
278 3.580226
278 3.5812342
278 3.5727754
278 3.583449
278 3.5745318
278 3.585465
278 3.5766222
279 3.5776596
279 3.5689843
279 3.5695825
279 3.561593
279 3.5723994
279 3.5633364
278 3.584541
278 3.5751455
279 3.5762699
279 3.5676265
279 3.576278
279 3.5700989
279 3.5611584
277 3.5907323
277 3.5822253
276 3.6115758
276 3.6029577
276 3.6136756
276 3.6049228
276 3.6152136
276 3.60687
276 3.617075
276 3.6084967
275 3.628804
275 3.6197002
272 3.6667593
272 3.6581433
273 3.6596692
273 3.65074
272 3.6607242
272 3.6523345
272 3.6621358
272 3.6538477
273 3.6546326
273 3.6462338
274 3.6462092
274 3.639279
274 3.6486182
274 3.641223
274 3.641211
273 3.6517856
273 3.6428735
273 3.6526513
273 3.644457
273 3.645695
273 3.637327
274 3.6380613
274 3.630163
274 3.6396484
274 3.6317174
274 3.632458
274 3.624514
274 3.6343086
274 3.6268036
275 3.6274543
275 3.6191823
275 3.6285908
275 3.6208513
275 3.6301222
275 3.6230023
275 3.632106
275 3.6239607
275 3.6254086
275 3.6175578
274 3.635008
274 3.6272936
275 3.627957
275 3.6207476
275 3.6212401
275 3.6134982
275 3.6318295
275 3.6236422
275 3.6243656
275 3.6169224
276 3.617657
276 3.6100783
276 3.6111226
276 3.603975
276 3.5966487
276 3.605039
276 3.5984197
276 3.6067128
276 3.599471
277 3.6004627
277 3.5929701
274 3.6426177
274 3.63498
272 3.6680348
272 3.6607294
272 3.669459
272 3.6620624
272 3.6627395
272 3.6553273
272 3.6723907
272 3.6646962
272 3.6654794
272 3.6580625
273 3.6590292
273 3.6518853
273 3.6521397
273 3.6456692
273 3.6537073
273 3.6465156
274 3.6474068
274 3.6400847
272 3.6641457
272 3.656933
271 3.6887472
271 3.6816285
271 3.6825287
271 3.675108
272 3.675564
272 3.6691744
272 3.6615133
272 3.6624703
272 3.6552725
273 3.6559584
273 3.6488845
273 3.6574886
273 3.6502721
273 3.6509345
273 3.644089
273 3.6450353
273 3.637788
273 3.6463697
273 3.639174
274 3.639877
274 3.632966
274 3.6417637
274 3.634495
272 3.6723437
272 3.6656945
272 3.6734483
272 3.6670387
272 3.6673012
272 3.6604679
270 3.6984751
270 3.6912284
270 3.6917126
270 3.6849647
271 3.6855395
271 3.6788273
271 3.6793578
271 3.6730015
272 3.673301
272 3.6670306
272 3.667367
272 3.6610236
272 3.6541505
273 3.6549025
273 3.6486933
272 3.6630824
272 3.6565945
272 3.6643355
272 3.6577902
271 3.6797876
271 3.6732118
271 3.6738422
271 3.6672742
272 3.667887
272 3.6613529
271 3.6763413
271 3.6695573
271 3.684428
271 3.6777043
271 3.6855295
271 3.6788783
269 3.7072587
269 3.7009006
267 3.7290673
267 3.7225394
267 3.7374008
267 3.730443
266 3.7448025
266 3.7382922
267 3.7387152
267 3.7322888
267 3.7328484
267 3.726352
268 3.7270718
268 3.7210884
268 3.7208798
268 3.7150276
268 3.7083907
268 3.71599
268 3.709424
269 3.709888
269 3.7036538
269 3.7042258
269 3.6979227
270 3.6983783
270 3.6927722
270 3.6927671
270 3.6869671
270 3.6940577
270 3.6877363
270 3.6882043
270 3.682182
270 3.6894279
270 3.6833992
271 3.6837258
271 3.6779194
271 3.678134
271 3.672331
271 3.6862988
271 3.6797328
269 3.7062852
269 3.7005963
270 3.70077
270 3.6948447
270 3.6955776
270 3.6894646
270 3.683776
270 3.6839528
270 3.678149
270 3.6848726
270 3.678992
271 3.6795056
271 3.6736755
270 3.6870708
270 3.6813412
271 3.6815434
271 3.675654
270 3.6891482
270 3.6830313
271 3.6835556
271 3.677723
271 3.684575
271 3.6787825
271 3.6795409
271 3.6737738
271 3.6804056
271 3.675046
271 3.6749797
271 3.6692789
272 3.6697705
272 3.6642776
272 3.6651163
272 3.658967
273 3.6594942
273 3.6537573
272 3.661017
272 3.6548448
272 3.6740537
272 3.6684418
271 3.680929
271 3.6755488
271 3.675797
271 3.6704855
271 3.6829162
271 3.6772976
271 3.6780102
271 3.6725268
271 3.6851025
271 3.6792247
271 3.6741195
271 3.6746988
272 3.6746798
271 3.6813943
271 3.675633
270 3.6945224
270 3.689044
270 3.6951034
270 3.689729
270 3.6902566
270 3.6845329
271 3.684957
271 3.6795857
271 3.6799726
271 3.674581
270 3.686837
270 3.6814513
271 3.6819415
271 3.676708
271 3.6827877
271 3.67759
270 3.6897562
270 3.684435
271 3.6846585
271 3.6792746
271 3.679719
271 3.6746778
271 3.6806262
271 3.675832
271 3.6816342
271 3.6762798
270 3.6939924
270 3.6891873
270 3.6892524
270 3.6838331
270 3.689593
270 3.690945
270 3.6967416
270 3.6913424
270 3.6865466
270 3.6981828
270 3.6927414
270 3.6931353
270 3.6879673
270 3.6884296
270 3.6831996
270 3.6892874
270 3.6840918
271 3.6845362
271 3.6793826
271 3.6797497
271 3.6745965
271 3.6750722
271 3.6699605
272 3.670421
272 3.6653297
272 3.665734
272 3.6609485
272 3.672249
272 3.667143
271 3.678667
271 3.6736271
271 3.6850903
271 3.6799946
271 3.6804957
271 3.6753597
271 3.6870003
271 3.681728
271 3.6824653
271 3.6771336
271 3.6776943
271 3.6729846
272 3.6730897
271 3.6736736
271 3.6684701
272 3.6691182
272 3.6640146
272 3.6643698
272 3.6598992
272 3.6600025
272 3.6549785
273 3.6556585
273 3.6510265
272 3.6617272
272 3.6572762
271 3.6786723
271 3.674252
271 3.6742747
271 3.6694024
271 3.6751409
271 3.6702607
271 3.6813266
271 3.6763537
271 3.677171
271 3.6723714
272 3.6724355
272 3.6675975
272 3.6732397
272 3.6684904
270 3.700302
270 3.6958597
270 3.6961222
270 3.69104
270 3.6971474
270 3.691942
269 3.7027392
269 3.6979442
270 3.6983364
270 3.6937125
270 3.6990602
270 3.6943328
270 3.6999717
269 3.7005877
270 3.7006686
270 3.6955068
270 3.6911561
270 3.6915336
270 3.6867635
270 3.687108
270 3.6828268
271 3.6828556
271 3.678196
271 3.6785123
271 3.6742628
271 3.6743405
271 3.6696968
272 3.6701155
272 3.665396
272 3.6709495
272 3.6664445
271 3.6817737
271 3.6773968
271 3.6775434
271 3.6732006
271 3.678611
271 3.6738355
271 3.6744277
271 3.6695597
271 3.6751487
271 3.670585
271 3.6758664
271 3.6712034
272 3.6718125
272 3.667148
272 3.6676512
272 3.663348
271 3.6781974
271 3.6738381
271 3.6839588
271 3.6794403
271 3.6797442
271 3.6756213
272 3.675731
272 3.6711366
272 3.6668231
271 3.6819355
271 3.6772604
271 3.6776721
271 3.6732109
271 3.6736083
271 3.669145
272 3.6695645
272 3.665117
272 3.6703646
272 3.6658914
271 3.6808038
271 3.676382
271 3.676754
271 3.67233
272 3.6727414
272 3.66828
272 3.6734557
272 3.669092
272 3.669523
272 3.6651392
272 3.6655211
272 3.6611004
272 3.6614864
272 3.6573591
273 3.6575925
273 3.6532886
273 3.6536129
273 3.6494796
273 3.649704
273 3.6456194
273 3.6505644
273 3.6462994
273 3.6561265
273 3.6518478
271 3.6803885
271 3.6761086
271 3.681154
271 3.6768663
270 3.6959162
270 3.6917765
270 3.6873019
270 3.6878033
270 3.683344
271 3.6836948
271 3.6794386
270 3.6891305
270 3.6848612
271 3.6851914
271 3.6809022
271 3.6858494
271 3.6819599
271 3.6868608
271 3.682437
271 3.6827168
271 3.678899
269 3.711
269 3.7067206
269 3.7116776
269 3.70739
268 3.716862
268 3.712578
268 3.7222087
268 3.7178438
268 3.7227209
268 3.7185678
268 3.7281656
268 3.723628
268 3.7239234
268 3.7197378
268 3.720087
268 3.7158313
269 3.7163181
269 3.7121258
269 3.7170215
269 3.7126715
268 3.717472
268 3.7132976
269 3.7135682
268 3.718252
268 3.714273
267 3.7279198
267 3.7237902
268 3.7240472
268 3.7200794
267 3.7293081
267 3.724964
267 3.7300718
267 3.7256541
268 3.725957
268 3.7218325
268 3.726511
268 3.7224445
268 3.7227006
268 3.718582
268 3.7236679
268 3.7192636
267 3.7326822
267 3.7286358
267 3.742031
267 3.7379673
266 3.746934
266 3.7428896
266 3.7474675
266 3.7436104
266 3.743645
266 3.7399297
267 3.739855
267 3.7361677
267 3.740433
267 3.736608
267 3.7366824
267 3.7329016
267 3.7330284
267 3.728987
268 3.7292936
268 3.725249
268 3.7257345
268 3.7216067
268 3.7218723
268 3.7178688
268 3.714064
268 3.7273536
268 3.7230399
268 3.7233658
268 3.7193978
268 3.723921
268 3.7201655
268 3.7202728
268 3.7164817
268 3.721052
268 3.7169232
268 3.7258546
268 3.7217917
267 3.7388444
267 3.73509
267 3.7352114
267 3.7312806
267 3.7359693
267 3.731921
267 3.732201
267 3.7282743
267 3.7327595
267 3.7288249
267 3.7374156
267 3.733717
267 3.7338538
267 3.7299037
267 3.734684
267 3.730509
267 3.7307878
267 3.7269802
268 3.7274156
268 3.7235732
265 3.7607148
265 3.7568462
265 3.7612839
265 3.7577157
265 3.7617273
265 3.758012
266 3.7581058
265 3.7584758
265 3.754668
265 3.7629888
265 3.7590766
265 3.759475
265 3.7556813
266 3.7558076
266 3.7521014
266 3.7564247
266 3.7524974
265 3.7608445
265 3.757057
265 3.765474
265 3.7615225
265 3.7617784
265 3.7579904
265 3.766251
265 3.7624965
265 3.7667353
265 3.7629275
265 3.767384
265 3.7634776
265 3.7638645
265 3.7598944
265 3.7642758
265 3.760583
265 3.7606716
265 3.756855
265 3.765228
265 3.7613547
265 3.7615764
265 3.7578487
266 3.7580736
266 3.7545645
265 3.758611
265 3.7548418
265 3.7671099
265 3.7632058
265 3.7636461
265 3.7598715
265 3.756208
265 3.7563145
265 3.7526174
266 3.7528157
266 3.7495108
266 3.7494771
266 3.7457428
266 3.7539997
266 3.750151
265 3.7621071
265 3.7584767
265 3.758814
265 3.7549753
266 3.7555919
266 3.751807
266 3.751873
266 3.7482595
266 3.7562022
266 3.7525916
266 3.752801
266 3.7493596
266 3.753248
266 3.7500145
266 3.7537508
266 3.7502782
265 3.7698367
265 3.7660959
265 3.7662046
265 3.7626188
265 3.7666795
265 3.7630143
265 3.7634406
265 3.7597277
265 3.759928
265 3.7564826
266 3.7564998
266 3.753292
266 3.7531133
266 3.7497017
266 3.7461689
266 3.7501183
266 3.7468603
266 3.7509434
266 3.7471116
266 3.7510736
266 3.7477422
266 3.7478387
266 3.7442915
266 3.7445455
266 3.7409945
267 3.7414327
267 3.737807
267 3.738122
267 3.7346876
Start time: 17/12/2018 12:57:35.080
End time: 17/12/2018 01:02:02.966
Duration: 267886 milliseconds (267.886 seconds)
Average latency: 267 milliseconds
Reads average latency: 10 milliseconds
Writes average latency: 508 milliseconds
Average throughput: 3.7329314 operations per second
Number of requests: 1000
Number of reads: 484
Number of writes: 516
Number of timeouts: 0
Percentage of writes: 50%
Number of replicas: 4
