0 3.4965034
0 1.9493177
381 2.5542784
111 7.6775427
136 6.8754773
136 5.9484468
175 5.488474
175 4.9652433
175 4.416961
190 5.1916933
190 4.706734
190 4.263693
207 4.5167117
207 4.257735
205 4.7834177
205 4.497751
219 4.442366
219 4.2203465
233 4.199916
233 3.9793077
249 3.9817975
249 3.8105607
265 3.750426
245 3.9702232
245 3.8314176
259 3.8372986
259 3.7004144
259 3.5709186
270 3.572901
270 3.4652808
263 3.7308633
263 3.6141574
258 3.8535645
258 3.7585154
258 3.6517177
259 3.7585676
259 3.669329
266 3.6784024
266 3.5845964
266 3.6948273
266 3.6051838
273 3.6149163
273 3.5276642
275 3.6208925
275 3.5552394
274 3.636049
274 3.5708213
274 3.493595
252 3.9142137
252 3.8317235
238 4.1565366
238 4.070348
242 4.0684094
242 3.9994075
248 3.9936101
248 3.922128
245 4.0630474
245 3.9958663
245 4.063389
245 3.9984007
245 3.9261878
247 3.9971633
247 3.9297712
251 3.937254
251 3.8728714
251 3.9382007
251 3.877125
251 3.9381647
251 3.8791108
255 3.8803926
255 3.8279667
256 3.8845725
256 3.835196
260 3.8307974
260 3.7854552
260 3.7338943
261 3.7900422
261 3.7387965
254 3.896564
254 3.8451936
242 4.097754
242 4.04582
245 4.046048
245 3.997906
248 3.995675
248 3.9505484
252 3.9518428
252 3.9042993
249 3.9845989
245 4.044265
244 4.085039
244 4.0424237
247 4.0423155
244 4.0399747
244 3.9971387
245 4.041498
245 3.9962096
243 4.078137
243 4.036001
245 4.039192
245 3.9977834
248 3.9976485
248 3.95932
249 3.9963112
249 3.9594913
249 3.9980385
249 3.960544
251 3.9612026
251 3.9231503
251 3.9611876
251 3.9272203
254 3.9270287
254 3.8900874
256 3.8922787
254 3.894027
254 3.8583436
247 4.0332227
247 3.9993222
249 3.9981186
249 3.96627
251 3.964976
251 3.9330077
253 3.9322739
253 3.9004579
251 3.9649549
251 3.9345093
253 3.9351487
253 3.9045417
253 3.874407
252 3.9378555
252 3.9064887
252 3.938797
252 3.9080114
254 3.9089308
254 3.878953
254 3.9091203
254 3.8808322
256 3.88237
256 3.8544514
256 3.8840497
256 3.856515
258 3.857742
258 3.829811
258 3.8585389
258 3.8330023
256 3.8886
256 3.8633149
257 3.8632987
257 3.8377926
256 3.890947
256 3.866423
257 3.8656743
257 3.842836
259 3.8430576
259 3.8166955
259 3.8456607
259 3.8213642
261 3.8203666
261 3.798169
261 3.8244262
261 3.8010535
262 3.8004048
262 3.7770095
256 3.9001563
254 3.9019897
256 3.9012642
253 3.926827
253 3.903368
254 3.9049556
254 3.8810744
256 3.8817697
256 3.859119
256 3.8833156
256 3.860028
257 3.8604746
257 3.8404727
256 3.8859518
256 3.863172
257 3.8647127
257 3.8431635
257 3.8664632
257 3.844295
258 3.8450615
258 3.824258
260 3.8248768
260 3.8059604
261 3.8061028
261 3.7869117
263 3.787478
263 3.7667558
264 3.7686863
264 3.749219
264 3.7709265
264 3.7515717
266 3.7519991
266 3.733627
267 3.7343726
267 3.7154455
267 3.7359152
266 3.7399251
266 3.7198384
267 3.721151
267 3.7026095
268 3.7056644
268 3.6859348
266 3.746409
266 3.728748
263 3.786641
263 3.769397
264 3.7699206
264 3.7516341
265 3.754292
265 3.7360368
266 3.7374096
266 3.7200305
265 3.7575893
265 3.7408323
266 3.7422953
266 3.7250068
265 3.762747
265 3.7450473
266 3.7450485
264 3.7658029
264 3.748862
264 3.768755
264 3.7503538
265 3.7530394
265 3.735859
266 3.7370121
266 3.7216098
267 3.7213972
267 3.7068326
266 3.7397928
266 3.7238858
267 3.7260106
267 3.7114868
268 3.712955
268 3.6967955
267 3.7305942
267 3.716357
268 3.7168553
268 3.7015617
269 3.7028503
269 3.6875575
269 3.7052755
269 3.690037
270 3.6920087
270 3.67736
269 3.709473
269 3.6951723
269 3.6801605
268 3.7140498
268 3.6995463
269 3.699564
269 3.6848874
267 3.7317512
267 3.7192075
268 3.7196612
268 3.705934
269 3.7070649
269 3.6922414
270 3.6934721
270 3.6792653
270 3.6962416
270 3.681796
271 3.6821616
271 3.6700823
271 3.6558979
272 3.6570683
272 3.6442826
273 3.644842
273 3.6320326
274 3.632848
274 3.6195397
275 3.6215549
275 3.6081204
276 3.6088054
276 3.5963979
276 3.6120229
276 3.5997944
277 3.6006036
277 3.5883472
277 3.589497
277 3.5763564
278 3.577742
278 3.565835
279 3.566751
279 3.5550616
279 3.569699
279 3.5579827
276 3.6143255
276 3.6021476
277 3.602866
277 3.5912504
278 3.5920026
278 3.5803554
279 3.5818644
279 3.5694156
279 3.5708075
279 3.5593357
280 3.5600898
280 3.5491517
280 3.5373
280 3.551884
280 3.54038
280 3.5545797
280 3.5429583
281 3.5442576
281 3.5334773
279 3.573041
279 3.5625637
277 3.5890534
277 3.5775433
278 3.5790706
278 3.5673025
279 3.5691233
279 3.5576863
278 3.5841393
278 3.5734885
276 3.6119583
276 3.6001694
276 3.614368
276 3.6026888
276 3.6163461
276 3.604956
275 3.6194987
275 3.6075034
275 3.621421
275 3.6100204
276 3.6110706
276 3.6007297
276 3.6133695
276 3.6029978
274 3.6401517
274 3.628854
275 3.6300447
275 3.6192758
276 3.6202734
276 3.6101508
273 3.6578767
271 3.6703918
271 3.6606047
272 3.6612098
272 3.6506958
273 3.6512847
273 3.6406925
273 3.6416438
273 3.6316829
274 3.63228
274 3.6219878
275 3.6229405
275 3.6131027
276 3.613748
276 3.604031
275 3.6158013
275 3.6067011
275 3.6180747
275 3.608495
276 3.609465
276 3.59956
277 3.60027
277 3.5901287
278 3.5916138
278 3.5823388
278 3.5931818
278 3.5841901
278 3.5849323
278 3.5750377
279 3.577197
279 3.5666037
279 3.579013
279 3.5690863
279 3.570203
279 3.5606976
278 3.5831208
278 3.57386
279 3.5752175
275 3.6183968
275 3.6093845
273 3.6413002
274 3.641783
273 3.642949
273 3.634275
273 3.6453397
273 3.6356082
274 3.6368535
274 3.6271195
274 3.6279309
274 3.6193514
275 3.6198816
275 3.6110685
276 3.6118395
276 3.6022832
276 3.6035488
276 3.5945363
277 3.5952334
277 3.586396
278 3.587471
278 3.5788755
278 3.5891745
278 3.5801544
278 3.5815194
278 3.5727046
276 3.613432
276 3.604084
274 3.6350381
274 3.6256804
273 3.646594
273 3.6377504
274 3.637782
274 3.6296406
272 3.6694043
272 3.6604853
271 3.6806972
271 3.6717937
271 3.6820905
271 3.6738257
271 3.6643353
270 3.6918323
270 3.685258
268 3.7145407
268 3.7053533
269 3.7064002
269 3.6972063
269 3.6983016
269 3.6897252
270 3.6900713
270 3.681555
271 3.6822627
271 3.67353
271 3.67514
271 3.6659198
272 3.6666913
272 3.6580758
272 3.659602
272 3.6510077
271 3.679095
271 3.671233
272 3.671547
272 3.6628704
271 3.6817715
271 3.6733105
272 3.6734178
272 3.6662374
271 3.684499
271 3.6770313
271 3.6769311
271 3.6695774
271 3.6606221
271 3.6703606
271 3.6621268
272 3.6633277
272 3.6549191
267 3.7260842
267 3.7181256
268 3.7192004
268 3.7104127
268 3.7197118
268 3.7119007
268 3.721189
268 3.713505
267 3.7399359
267 3.7314076
266 3.740928
266 3.732948
267 3.7330403
267 3.7257187
268 3.7264001
268 3.717694
266 3.753
266 3.744873
266 3.7450962
266 3.7371483
266 3.7460134
266 3.7385695
265 3.76401
265 3.755963
266 3.757322
266 3.7491336
266 3.757613
266 3.7498963
264 3.7752442
264 3.767336
265 3.7680657
265 3.7606075
265 3.7529628
265 3.7613435
265 3.7537599
265 3.7617352
265 3.7547956
265 3.7633183
265 3.755609
265 3.7564704
265 3.7485933
265 3.765261
265 3.7575495
265 3.7585514
265 3.7503412
265 3.758856
265 3.7512498
265 3.7601488
265 3.7522705
265 3.769084
265 3.7614868
265 3.769849
265 3.7624888
265 3.7625122
265 3.7558465
265 3.763652
265 3.7562735
264 3.7725806
264 3.765125
264 3.7738495
264 3.7661264
265 3.766698
265 3.7592235
265 3.7677457
264 3.7683399
264 3.7757077
264 3.7768068
264 3.7692397
264 3.7696817
264 3.7625897
265 3.7627556
265 3.7554753
265 3.7562826
265 3.7488713
265 3.7569213
265 3.7498772
265 3.7581785
265 3.7507062
266 3.7515693
266 3.7441661
266 3.744982
266 3.7375634
266 3.7461846
266 3.7387075
266 3.7543397
266 3.7472637
266 3.7551384
266 3.748309
263 3.8000648
263 3.7932913
262 3.8010514
262 3.794217
263 3.7942047
263 3.7875462
263 3.7879338
263 3.7810626
263 3.7883744
263 3.7818296
264 3.78228
264 3.775468
264 3.78282
264 3.776277
264 3.7691875
264 3.7697372
264 3.763333
264 3.7777967
264 3.7710783
264 3.7783465
264 3.771893
263 3.7862914
263 3.7795255
264 3.7799692
264 3.7732115
264 3.7809584
264 3.7739568
264 3.774699
264 3.7677336
263 3.7894442
263 3.78282
264 3.783199
264 3.7766614
263 3.7840056
263 3.777227
263 3.7844656
263 3.7781281
264 3.7785378
264 3.7720494
264 3.77239
264 3.7662969
265 3.7661037
265 3.7599132
265 3.7602468
265 3.7541637
265 3.7610888
265 3.755051
265 3.761568
265 3.7556522
265 3.7489429
266 3.7497213
266 3.7430956
266 3.7435026
266 3.7374885
266 3.74469
266 3.7380674
267 3.7387302
267 3.7325144
267 3.7396262
267 3.7335036
267 3.7338717
267 3.7277546
267 3.7345057
267 3.7285066
267 3.7292497
267 3.7228854
267 3.7298214
267 3.7241132
267 3.7436488
267 3.7377424
266 3.7450733
266 3.738403
267 3.7390726
267 3.7330663
267 3.7331603
267 3.727328
268 3.7279625
268 3.7219882
268 3.7157216
268 3.716203
268 3.7105155
268 3.7171857
268 3.7109914
267 3.730651
267 3.7247398
268 3.7252975
268 3.7195084
267 3.7323637
267 3.7266293
267 3.7271335
267 3.7209537
268 3.7216532
268 3.7155256
268 3.7162547
268 3.7101784
269 3.7108896
269 3.7050736
268 3.7179143
268 3.7125
268 3.7186089
268 3.713095
268 3.719715
268 3.7139165
269 3.7146826
269 3.7084503
269 3.708901
269 3.7030866
269 3.7102778
269 3.7040226
269 3.7108715
269 3.705203
269 3.705632
269 3.6999664
270 3.7004015
270 3.694829
269 3.7072208
269 3.7018125
269 3.7083118
269 3.7027833
269 3.703233
269 3.69755
270 3.6980953
269 3.6985056
269 3.6929667
269 3.705127
269 3.6998172
269 3.7003772
269 3.6944928
270 3.695302
270 3.689443
270 3.6963847
270 3.6904318
270 3.6908472
270 3.6855764
270 3.686325
270 3.6804452
270 3.6867936
270 3.6816466
269 3.7054248
269 3.7001579
268 3.7237942
268 3.7187567
268 3.7247975
268 3.7194257
268 3.7195961
268 3.7143772
268 3.7264192
268 3.7210763
268 3.726953
268 3.7220988
268 3.7220485
268 3.7166355
268 3.7172363
268 3.711931
269 3.7123022
269 3.7072105
269 3.706738
269 3.7023473
269 3.7082112
269 3.7031753
269 3.6976686
269 3.6983721
269 3.6926994
269 3.6987662
269 3.6938
270 3.6940448
270 3.688807
269 3.706169
269 3.7009497
269 3.7015994
269 3.6961932
270 3.6965363
270 3.691587
269 3.7032273
269 3.697849
270 3.6982703
270 3.6931405
270 3.6990683
270 3.6942394
270 3.699944
270 3.6947994
269 3.7065108
269 3.7012076
269 3.7015994
269 3.6964808
269 3.7080438
269 3.7031949
269 3.7143922
269 3.709284
269 3.715255
269 3.7098758
269 3.7158494
268 3.7165403
269 3.7166226
269 3.711896
269 3.706417
269 3.7072368
269 3.70206
269 3.7021625
269 3.697646
269 3.7032845
269 3.6980019
270 3.6986265
270 3.6939397
270 3.693855
270 3.689365
269 3.7055852
269 3.7007172
269 3.7062318
269 3.701317
269 3.7016945
269 3.696779
270 3.697201
270 3.6922066
270 3.6930046
270 3.6881845
270 3.6882262
270 3.6833673
271 3.6837258
271 3.6791565
270 3.689766
270 3.6853364
270 3.6908484
270 3.6857734
271 3.6866646
271 3.6814744
271 3.6818697
271 3.6771016
271 3.677521
271 3.6729233
272 3.6731184
272 3.6685002
272 3.6640258
272 3.6640058
272 3.6596994
272 3.6600244
272 3.6552076
272 3.6713736
272 3.6662154
270 3.692399
270 3.6876967
270 3.6932414
270 3.6883614
270 3.6937594
270 3.6894925
270 3.6999016
270 3.6950376
270 3.695424
270 3.6906722
270 3.6963809
270 3.691658
269 3.7071595
269 3.702547
269 3.707691
269 3.7033129
269 3.7086852
269 3.7038708
269 3.7044268
269 3.6995192
270 3.7000787
270 3.6954842
270 3.695937
270 3.6912668
269 3.7115247
269 3.7068834
269 3.7124233
269 3.7076638
268 3.722857
268 3.7182431
268 3.7235775
268 3.7188087
268 3.7190633
268 3.7148964
268 3.719953
268 3.715595
268 3.7108476
269 3.711437
269 3.706525
268 3.7168374
268 3.7123468
268 3.7222292
268 3.717707
267 3.7326472
267 3.7281053
267 3.7284346
267 3.7238905
267 3.734101
267 3.729417
266 3.7441814
266 3.7396762
266 3.7496214
266 3.7450666
266 3.7503297
266 3.7458744
265 3.765172
265 3.760674
265 3.7657142
265 3.7611728
265 3.761636
265 3.7571993
265 3.7573092
265 3.7530842
265 3.7625694
265 3.758313
265 3.7680364
265 3.7636414
265 3.7637248
265 3.7595224
265 3.7596107
265 3.755211
266 3.7554631
266 3.751096
265 3.7607365
265 3.7563562
266 3.756623
266 3.7522228
266 3.7524765
266 3.7483003
266 3.7439597
266 3.7440484
266 3.7399137
266 3.744711
266 3.7403772
266 3.754514
266 3.7501445
266 3.7505882
266 3.7462504
266 3.7468355
266 3.7423568
266 3.7423775
266 3.7384977
267 3.7384548
267 3.7341435
267 3.7346692
267 3.7303722
267 3.7305095
267 3.72621
268 3.7267249
268 3.722541
268 3.722687
268 3.7185342
268 3.7236018
268 3.7192552
268 3.7193706
268 3.7153745
268 3.7290719
268 3.7248058
268 3.725283
268 3.7210805
268 3.7214773
268 3.717122
268 3.7263966
268 3.722212
268 3.722456
268 3.7182188
268 3.7142398
268 3.718979
268 3.715041
268 3.7151263
268 3.711168
268 3.715972
268 3.7116435
268 3.7211895
268 3.716864
268 3.7173572
268 3.7131605
269 3.7132638
269 3.7093751
269 3.7094827
269 3.7055573
269 3.714684
269 3.710632
269 3.71077
269 3.7069256
268 3.724533
268 3.720488
268 3.725117
268 3.7210963
268 3.7213507
268 3.7176013
267 3.7352767
267 3.7310684
267 3.7313433
267 3.7273095
267 3.7362428
267 3.732261
267 3.7323403
267 3.728564
266 3.7458982
266 3.741843
266 3.7550101
266 3.750938
266 3.7513971
266 3.7474172
266 3.747479
266 3.7436237
266 3.7396169
267 3.740101
267 3.7359476
267 3.7404947
267 3.736524
267 3.741029
267 3.7370822
266 3.7457938
266 3.7418187
266 3.750586
266 3.7464244
266 3.746897
266 3.7428112
266 3.7430186
266 3.7392602
266 3.7479434
266 3.7439835
266 3.7443144
266 3.7402573
266 3.744708
266 3.7407682
266 3.7494109
266 3.7454588
266 3.7500415
266 3.7461593
266 3.7462828
266 3.7423193
267 3.742943
267 3.7389293
267 3.739029
267 3.7352748
267 3.735702
267 3.7318509
266 3.7527704
266 3.7487552
265 3.7613146
265 3.7617915
265 3.7616963
265 3.7581503
266 3.7580905
266 3.7545245
266 3.7505515
266 3.7508674
266 3.7469828
266 3.7553713
266 3.751582
266 3.7517734
266 3.7481775
265 3.7562265
265 3.7526188
265 3.7569177
265 3.7530432
266 3.7534897
266 3.749551
265 3.7659469
265 3.761988
265 3.7702446
265 3.766819
265 3.7667053
265 3.7630482
265 3.767354
265 3.7634473
265 3.7678342
265 3.7638597
265 3.7642457
265 3.760553
265 3.768609
265 3.7647846
265 3.7651978
265 3.7614892
265 3.7694821
265 3.7659109
265 3.7659638
265 3.7624476
265 3.7625337
265 3.7587602
265 3.759191
265 3.755295
266 3.7557428
266 3.7519763
266 3.74832
263 3.7917743
263 3.7878788
262 3.803875
262 3.800198
262 3.8002746
262 3.7964895
263 3.7968955
263 3.7930026
262 3.8050802
262 3.801246
262 3.8015423
262 3.7978225
262 3.801972
262 3.7981257
263 3.7983062
263 3.7948098
263 3.7948172
263 3.7913303
263 3.7951982
263 3.7917175
263 3.7918744
263 3.7882867
263 3.788301
263 3.7847965
263 3.7966526
263 3.7928853
263 3.7931128
263 3.789356
263 3.7895718
263 3.785884
263 3.7862902
263 3.7825546
263 3.7865095
263 3.783227
264 3.7830877
264 3.7798288
264 3.7761316
264 3.7798164
264 3.7765696
Start time: 17/12/2018 12:57:35.078
End time: 17/12/2018 01:01:59.392
Duration: 264314 milliseconds (264.314 seconds)
Average latency: 264 milliseconds
Reads average latency: 11 milliseconds
Writes average latency: 508 milliseconds
Average throughput: 3.7833788 operations per second
Number of requests: 1000
Number of reads: 491
Number of writes: 509
Number of timeouts: 0
Percentage of writes: 50%
Number of replicas: 4
