0 3.6363635
0 1.8450185
0 1.3037809
0 0.98619324
533 1.59109
533 1.3227514
536 1.6987542
536 1.4903129
281 3.5288928
281 3.191065
229 4.3431053
229 3.9800994
248 3.9816232
233 3.979534
233 3.728362
250 3.7378519
250 3.508772
267 3.553976
267 3.3578174
270 3.5913806
270 3.4207525
244 3.9963667
244 3.8181186
237 4.1555853
237 3.990423
231 4.3050427
188 5.1798134
189 5.275916
189 5.1013374
197 5.051848
193 5.016722
200 4.9769816
200 4.8437877
200 4.7047753
208 4.6782293
208 4.548985
203 4.8564644
203 4.7283807
190 5.2221994
190 5.097451
194 5.0642776
194 4.9486103
200 4.928857
200 4.8129315
206 4.793608
206 4.6891284
205 4.8461146
205 4.7448597
207 4.80926
207 4.7188673
209 4.776447
203 4.8401966
206 4.8214555
206 4.7365303
211 4.716639
211 4.6349115
211 4.5559683
210 4.6848087
210 4.605798
211 4.6644897
211 4.585353
204 4.8334084
204 4.7576756
208 4.745551
208 4.674909
207 4.7838197
207 4.711917
210 4.701457
210 4.6333833
209 4.7379837
209 4.6755295
208 4.7735343
208 4.708459
209 4.752903
209 4.6888323
212 4.683471
212 4.615225
215 4.614911
215 4.553273
212 4.6971817
212 4.6415167
213 4.6769953
213 4.625614
211 4.7104726
211 4.6550994
214 4.647272
214 4.597278
217 4.585282
217 4.5376945
217 4.487692
215 4.612546
215 4.564027
210 4.7281327
210 4.678263
208 4.754892
208 4.7051964
211 4.6979313
211 4.6500244
213 4.643088
213 4.5985284
209 4.751346
209 4.703669
207 4.8108635
207 4.7686806
205 4.87322
202 4.90529
202 4.9296036
202 4.8883457
204 4.877691
204 4.8335514
207 4.82622
194 5.1044083
194 5.059261
196 5.0496197
198 5.038046
198 4.9968987
198 4.9567566
198 5.014739
198 4.972617
198 4.997168
198 4.9565477
200 4.948386
200 4.9076962
200 4.9674215
200 4.925793
202 4.9179807
202 4.8800454
203 4.901961
203 4.8677645
204 4.859744
204 4.8203063
204 4.8781962
204 4.839922
206 4.833945
206 4.7975836
207 4.792426
207 4.7581515
208 4.7805305
208 4.746562
210 4.7397428
210 4.708953
209 4.757213
209 4.7263474
210 4.7481537
210 4.7163305
210 4.7375197
210 4.707099
212 4.7010508
212 4.6688848
211 4.7166038
206 4.8192773
206 4.7872057
207 4.783939
207 4.7522593
209 4.747652
209 4.7163763
206 4.813202
206 4.783115
208 4.7783113
208 4.7484565
204 4.8667846
204 4.837953
206 4.8329325
206 4.802887
206 4.820269
206 4.7949495
207 4.8127575
207 4.783892
208 4.7792554
208 4.7511525
209 4.770479
209 4.7423115
210 4.73846
210 4.712319
211 4.729807
206 4.816211
207 4.812472
206 4.8087726
208 4.8017864
207 4.7994666
207 4.772004
207 4.789735
207 4.7637777
209 4.759421
209 4.733293
209 4.7518706
209 4.726767
209 4.742864
209 4.7191772
210 4.735048
210 4.7115483
210 4.7279844
210 4.703396
212 4.699674
212 4.6754847
211 4.712747
211 4.689784
213 4.6855435
213 4.6630354
214 4.6586957
213 4.6759653
213 4.65236
212 4.6885467
212 4.664563
213 4.662141
213 4.6396956
214 4.6352625
214 4.6140537
215 4.6301613
215 4.608207
216 4.6055875
216 4.5824847
217 4.5818152
217 4.5593843
218 4.556783
218 4.535945
218 4.570249
218 4.5489564
218 4.5657096
218 4.544215
219 4.542411
219 4.5212193
220 4.5191255
220 4.4985538
222 4.4972982
222 4.476846
223 4.474667
223 4.4551244
224 4.4530597
224 4.433857
225 4.4311357
225 4.4134126
226 4.4108815
226 4.392787
227 4.389696
227 4.372733
227 4.352741
228 4.35199
228 4.3338575
229 4.3490577
229 4.330872
230 4.3294334
230 4.3116927
230 4.3268757
230 4.309008
231 4.3077526
231 4.2905254
232 4.2892156
232 4.271926
233 4.2711115
233 4.2545733
229 4.348378
229 4.331057
230 4.329618
230 4.312846
231 4.3112874
231 4.2951846
232 4.294174
232 4.2768693
232 4.3066983
232 4.2902017
232 4.304555
232 4.2875385
232 4.301857
232 4.2862744
230 4.330371
230 4.3140893
230 4.297994
231 4.31137
231 4.3098345
231 4.294696
231 4.278971
232 4.29216
232 4.276311
232 4.2900977
232 4.274309
233 4.2736278
233 4.257339
234 4.257149
234 4.2420692
235 4.2411475
235 4.226111
233 4.267586
233 4.252563
234 4.2519155
234 4.236814
235 4.235989
235 4.2215185
235 4.2345324
235 4.219991
235 4.232106
235 4.2183113
235 4.2311
235 4.216712
236 4.229763
236 4.215248
236 4.215148
236 4.200553
237 4.199658
237 4.1863875
237 4.198387
237 4.1845436
238 4.1839347
238 4.170394
239 4.1695075
239 4.1565914
240 4.155594
240 4.1421576
240 4.154533
240 4.1412406
241 4.14084
241 4.1279407
241 4.1141224
240 4.139231
240 4.1262507
241 4.1259556
241 4.1129417
241 4.1251116
241 4.1122336
241 4.1237626
241 4.1115346
240 4.1479344
240 4.1358643
240 4.147278
240 4.1350794
238 4.1833305
238 4.1706414
237 4.205881
237 4.194274
238 4.193177
238 4.180612
238 4.191963
238 4.1792765
238 4.1793404
238 4.1665173
239 4.166022
239 4.153465
240 4.1532073
240 4.141349
241 4.1404457
241 4.128161
242 4.1284137
242 4.115898
241 4.138765
241 4.1268663
242 4.1263566
242 4.1149416
242 4.125678
242 4.1143775
243 4.113393
243 4.1022367
243 4.090119
243 4.10189
243 4.089841
243 4.1002536
243 4.0891066
241 4.133898
241 4.122675
241 4.133014
241 4.121581
241 4.132277
241 4.1209097
242 4.120486
242 4.1092577
241 4.1417394
241 4.1305156
239 4.162898
239 4.151362
238 4.18401
238 4.172251
239 4.171922
239 4.1605744
239 4.1601887
239 4.1494217
240 4.1485367
240 4.138034
241 4.137185
241 4.126329
242 4.1259522
242 4.11514
242 4.114708
242 4.104411
243 4.1039243
243 4.0935793
244 4.0929537
244 4.0823936
244 4.081548
244 4.071619
245 4.0713515
245 4.060872
246 4.0606337
246 4.0508966
246 4.0502725
246 4.040035
246 4.029686
246 4.040159
246 4.0297394
246 4.0396733
246 4.0295906
246 4.0490685
246 4.039618
245 4.0690446
245 4.0590696
245 4.058723
245 4.048663
246 4.0491815
246 4.038637
247 4.0385823
247 4.028788
247 4.038394
247 4.028609
247 4.0285006
247 4.018748
248 4.018819
248 4.009136
249 4.0091143
249 3.999348
249 4.0088787
249 3.9999237
249 4.008951
249 3.99943
247 4.037226
247 4.028178
247 4.0371265
247 4.0280457
247 4.0462646
247 4.0372057
247 4.0369306
247 4.027859
247 4.036646
247 4.027244
247 4.018072
247 4.0359077
247 4.027353
247 4.027327
247 4.0176854
247 4.0272017
247 4.0178246
247 4.026858
247 4.017561
248 4.018031
248 4.0086145
249 4.0081606
249 3.9994235
249 4.00852
249 3.999462
248 4.017825
248 4.0087495
244 4.0886135
244 4.0794563
244 4.0792074
244 4.070184
245 4.070065
245 4.0611014
245 4.0610385
245 4.052205
246 4.05163
246 4.043103
247 4.04308
247 4.0342565
246 4.051533
246 4.0428
246 4.051311
246 4.04265
245 4.076998
244 4.085206
244 4.0854783
244 4.0763655
245 4.0760984
244 4.0763526
245 4.07581
245 4.0676246
245 4.0587163
245 4.058969
245 4.050049
246 4.049978
246 4.041488
246 4.0414352
246 4.0329313
247 4.0328293
247 4.0243793
247 4.0326595
247 4.024245
247 4.0328245
247 4.0242777
248 4.0242276
248 4.0159984
248 4.015801
248 4.0080814
247 4.032225
247 4.023883
247 4.0320616
247 4.0238185
245 4.07238
245 4.0640883
245 4.063959
245 4.0558486
245 4.0637674
245 4.0555596
246 4.0556107
246 4.0473547
246 4.0472927
246 4.039601
247 4.0392337
247 4.031204
247 4.031206
247 4.023256
247 4.031115
247 4.023133
247 4.0387406
247 4.0308695
247 4.0385895
247 4.030686
247 4.022939
248 4.022895
248 4.0149746
248 4.014946
248 4.007351
247 4.038162
247 4.030676
247 4.037985
247 4.03025
246 4.045332
246 4.037952
247 4.0375414
247 4.0301733
247 4.0302076
247 4.0223002
247 4.0298495
247 4.0222774
248 4.0221744
248 4.014645
247 4.0295653
247 4.0219293
247 4.029816
247 4.021878
248 4.0221367
248 4.01478
248 4.0141573
248 4.006873
249 4.0071864
249 3.999941
249 4.0069237
249 3.999559
248 4.021546
248 4.021595
247 4.014273
248 4.01454
248 4.006877
248 4.0141077
248 4.006765
248 4.0140853
248 4.0068564
248 4.0211377
248 4.0143275
248 4.013984
248 4.0066924
249 4.0067086
249 3.9995992
248 4.013798
248 4.0067015
248 4.0137777
248 4.006621
249 4.0066376
249 3.9996033
249 3.9996326
249 3.992523
250 3.992592
250 3.9856043
250 3.9855173
250 3.978538
250 3.9856517
250 3.9786966
251 3.9787614
251 3.9718425
251 3.9788074
251 3.9718847
249 3.9996681
249 3.9926777
250 3.9926076
250 3.9860113
250 3.9861448
250 3.9789798
250 3.9858372
250 3.9790516
250 3.9926834
250 3.9862354
250 3.985988
250 3.979221
251 3.9793375
251 3.972524
251 3.9792726
251 3.97267
251 3.9725823
251 3.9661999
251 3.979385
251 3.973066
251 3.9661837
251 3.966187
251 3.9595776
252 3.959592
252 3.953357
252 3.9531722
252 3.9466016
252 3.9534056
252 3.9468298
252 3.960122
252 3.9536355
251 3.9667685
251 3.9602919
252 3.9604092
252 3.9539125
252 3.9605384
252 3.9542685
252 3.9605892
252 3.9542117
252 3.9607942
252 3.9543087
250 3.9866896
250 3.9803371
250 3.9867578
250 3.9804003
251 3.980406
251 3.9740534
251 3.9804688
251 3.9739838
251 3.9808104
251 3.9743705
251 3.9804919
251 3.9742248
251 3.9743412
251 3.968279
249 3.9996715
249 3.9932876
250 3.9933484
250 3.98697
249 3.999824
249 3.9934301
250 3.99334
250 3.987176
250 3.987196
249 3.9933465
249 3.9871366
250 3.9874291
250 3.9810743
250 3.9872952
250 3.9811578
249 3.999852
249 3.9933934
250 3.9937232
250 3.98727
249 4.006061
249 3.9995835
248 4.024268
248 4.0182714
248 4.0241942
248 4.018118
248 4.0239244
248 4.017819
248 4.0177436
248 4.012006
248 4.0176897
248 4.0119214
249 4.011686
249 4.005822
248 4.0238547
248 4.0176296
248 4.0176034
248 4.0115986
249 4.0115333
249 4.005675
249 4.0115943
249 4.005658
249 4.005887
249 3.9996207
248 4.023264
248 4.0175357
248 4.0176044
248 4.0114985
249 4.0113397
249 4.0057797
249 4.0055594
248 4.017452
248 4.023086
248 4.023052
248 4.017188
248 4.0229383
248 4.0171146
248 4.016997
248 4.011478
248 4.011229
248 4.0055027
248 4.0111966
248 4.0054636
249 4.005479
249 3.9997244
249 3.9996784
249 3.9938571
250 3.9941862
250 3.9882066
250 3.9938836
250 3.9885132
250 3.9882798
250 3.9827735
249 3.9941223
248 4.0226173
248 4.022176
248 4.016654
248 4.010854
246 4.044911
246 4.039063
247 4.039054
247 4.033276
247 4.0332294
247 4.0276113
247 4.0276403
247 4.022046
248 4.0275407
248 4.0219398
248 4.021954
248 4.0163765
248 4.022094
248 4.016331
248 4.016397
248 4.010902
249 4.0106435
249 4.005458
249 4.010923
249 4.0051136
249 4.0105853
249 4.0052967
249 4.0107536
249 4.0052824
248 4.0162177
248 4.0105133
249 4.0105643
249 4.0050793
249 4.0050726
249 3.9996321
248 4.0158687
248 4.021267
248 4.0265417
247 4.0268745
247 4.0211163
247 4.042823
247 4.0372305
247 4.042557
247 4.0371094
246 4.047783
246 4.041955
246 4.047634
246 4.042252
246 4.0581307
246 4.0526633
246 4.052851
246 4.047319
246 4.047214
246 4.041854
246 4.052445
246 4.0470276
246 4.0522428
246 4.0468616
246 4.047034
246 4.041504
246 4.0470166
246 4.0414376
247 4.041363
247 4.036122
246 4.0569005
246 4.0516744
246 4.051586
246 4.0463386
246 4.0618224
246 4.0564914
245 4.066845
245 4.0615416
246 4.0614414
246 4.056305
246 4.061263
246 4.05614
246 4.06121
246 4.0559134
246 4.0558624
246 4.05071
246 4.0452003
246 4.0555053
246 4.050723
246 4.05557
246 4.050451
246 4.055347
246 4.050221
246 4.0501776
246 4.0453563
246 4.060106
246 4.0550194
246 4.0550113
246 4.049924
246 4.0547924
246 4.049961
246 4.049676
246 4.044681
247 4.0445447
247 4.0394883
246 4.0496907
246 4.0444593
247 4.044344
247 4.039393
246 4.0492244
246 4.0442395
246 4.0490627
246 4.0440702
246 4.0538673
246 4.0488815
246 4.0488815
246 4.0438743
246 4.048682
246 4.0437074
246 4.03908
246 4.0436993
246 4.0387287
247 4.038701
247 4.0337296
247 4.038529
247 4.033863
246 4.057926
246 4.052974
246 4.052851
246 4.048172
246 4.047919
246 4.0432954
247 4.0430684
247 4.038151
246 4.047747
246 4.042816
245 4.0622168
245 4.0571637
245 4.0665555
245 4.0620136
245 4.07597
245 4.0711184
245 4.0710726
245 4.0662766
245 4.0661016
245 4.0613804
245 4.0753922
245 4.0708065
245 4.070569
245 4.065769
245 4.0751333
245 4.0702815
245 4.070199
245 4.065499
245 4.065422
245 4.0606046
246 4.0605145
246 4.0558286
246 4.0556684
246 4.05115
246 4.050902
246 4.046267
247 4.0461383
246 4.046122
246 4.041434
246 4.050682
246 4.045906
246 4.05539
246 4.0506186
246 4.0503926
246 4.0458064
246 4.0457354
246 4.041072
247 4.0410433
247 4.036396
247 4.0363364
247 4.031705
247 4.0317426
247 4.027072
248 4.0270596
248 4.022442
248 4.0224166
248 4.0179424
248 4.017849
248 4.0132627
249 4.0135202
249 4.0088224
249 4.0087037
249 4.004401
249 4.0087743
249 4.0042653
248 4.0269303
248 4.022302
248 4.0223675
248 4.017683
248 4.0175915
248 4.0131927
249 4.0131598
249 4.008704
248 4.026493
248 4.022014
248 4.021954
248 4.017508
248 4.0174356
248 4.0130224
248 4.008601
248 4.012994
248 4.008547
249 4.0086083
249 4.0041227
249 4.0041184
249 3.9997714
249 4.0085526
249 4.0040874
249 4.0040655
249 3.99993
249 4.0040913
249 3.999773
249 3.9997733
249 3.995364
249 3.9997911
249 3.9953916
250 3.9953792
250 3.9911156
249 3.9997573
249 3.9954288
250 3.9953992
250 3.991102
250 3.9911635
250 3.986983
249 3.9997587
249 3.9954069
250 3.9954288
250 3.9911935
250 3.991203
250 3.986896
250 3.991222
250 3.986958
250 3.986904
250 3.9827216
250 3.982757
250 3.9784694
250 3.991278
250 3.9869902
250 3.995538
250 3.9912379
250 3.9954798
250 3.991307
249 4.003987
248 4.0124044
249 4.012425
249 4.008151
249 4.0039873
249 4.008134
249 4.003928
248 4.0206947
248 4.0165353
248 4.016501
248 4.012237
248 4.0124254
248 4.0080914
248 4.012283
248 4.008091
249 4.008066
249 4.0039372
249 4.008099
249 4.003863
249 4.003942
249 3.999934
249 3.999752
249 3.9956577
249 3.999736
249 3.9955842
249 3.9999175
249 3.9956589
250 3.9956472
250 3.9915655
250 3.9915414
250 3.9874887
250 3.987518
250 3.9833963
250 3.983397
250 3.979353
251 3.979374
251 3.975391
251 3.979432
251 3.975441
251 3.9754174
251 3.9713898
251 3.9714026
251 3.9673712
250 3.9836292
250 3.9796257
250 3.987678
250 3.9836466
250 3.983631
250 3.9798675
251 3.979712
251 3.9756725
251 3.9797525
250 3.991784
250 3.9877288
250 3.9877887
250 3.9838252
Start time: 17/12/2018 12:21:02.317
End time: 17/12/2018 12:25:12.855
Duration: 250538 milliseconds (250.538 seconds)
Average latency: 250 milliseconds
Reads average latency: 9 milliseconds
Writes average latency: 505 milliseconds
Average throughput: 3.9914105 operations per second
Number of requests: 1000
Number of reads: 514
Number of writes: 486
Number of timeouts: 0
Percentage of writes: 50%
Number of replicas: 4
