0 3.7037036
0 1.8726592
301 2.5940337
301 1.9841269
224 3.968254
224 3.298153
268 3.3955858
268 2.974715
307 3.0905075
307 2.787734
333 2.9017048
333 2.649884
296 3.3587785
252 3.7026489
268 3.725386
268 3.4860559
268 3.277921
285 3.3296337
285 3.1453135
286 3.389155
286 3.22887
296 3.2673807
296 3.1277149
295 3.3228111
295 3.1903014
305 3.2208588
305 3.1014621
303 3.2829003
303 3.1693537
301 3.31785
301 3.218746
308 3.237455
308 3.1496062
308 3.0566661
296 3.3074818
296 3.2161472
285 3.4519956
285 3.3609915
290 3.381494
290 3.297362
297 3.3122258
297 3.2331686
303 3.2503717
303 3.177197
309 3.1946046
309 3.1252713
315 3.1443868
315 3.0792277
299 3.342573
299 3.2784264
302 3.288701
302 3.2310178
301 3.3164995
267 3.699593
269 3.7026281
269 3.638439
274 3.6434977
259 3.7938886
263 3.789673
255 3.859976
255 3.7982972
255 3.8619978
255 3.805175
251 3.93283
251 3.8733478
254 3.8747957
254 3.8163385
258 3.8190362
258 3.7639704
259 3.8252928
259 3.7733722
259 3.8290787
259 3.77689
236 4.211663
236 4.156675
238 4.1541777
238 4.098148
231 4.305926
231 4.251227
234 4.2466025
234 4.19401
237 4.1912374
237 4.142981
240 4.1387186
240 4.0943103
241 4.1364565
241 4.0908256
241 4.1326065
241 4.0889688
241 4.0406733
244 4.042712
244 3.9965246
247 3.996734
247 3.954586
243 4.080946
243 4.03847
240 4.120483
240 4.0783033
238 4.159096
238 4.1191764
241 4.1153893
241 4.077632
244 4.0748215
244 4.03753
247 4.032718
247 3.9990945
245 4.071722
245 4.0343475
243 4.106927
243 4.071395
243 4.1051493
237 4.175738
239 4.174036
239 4.1373024
241 4.1355343
241 4.1018925
241 4.067403
243 4.0655913
243 4.0313096
246 4.0306463
246 3.9977534
248 3.99751
248 3.9655454
248 3.9978077
248 3.9658425
250 3.9656103
250 3.936388
252 3.9349177
252 3.906129
252 3.9365237
252 3.9058924
249 3.9990306
249 3.9676576
250 3.9681358
250 3.9382904
252 3.9410605
252 3.9111524
254 3.9121363
254 3.8831043
256 3.8837168
256 3.8574994
254 3.9135084
254 3.8870249
249 3.9980009
249 3.9707708
249 3.9989047
249 3.9720325
251 3.9709337
251 3.9447203
251 3.9712152
251 3.9450343
251 3.9195056
248 3.9982233
248 3.9723752
250 3.9731684
250 3.9481106
252 3.9469328
252 3.9233553
252 3.9479973
252 3.9235287
252 3.9497218
252 3.924279
253 3.9248395
253 3.9004412
253 3.9246087
253 3.9030502
249 3.9981804
249 3.9753387
251 3.974356
251 3.9531271
252 3.9515524
252 3.929319
252 3.952204
252 3.930402
254 3.9297218
254 3.9077587
255 3.9091628
254 3.909673
255 3.9090421
254 3.9094603
254 3.8879561
255 3.888657
255 3.8675845
257 3.8680515
257 3.847401
253 3.9342148
253 3.9128482
253 3.9349144
253 3.9138527
251 3.9566453
251 3.936431
253 3.936188
253 3.915719
254 3.9160724
254 3.8959973
252 3.9578915
252 3.9374075
252 3.959036
252 3.9382734
252 3.9579418
252 3.939436
252 3.9204037
252 3.9404984
252 3.9203389
253 3.9205742
253 3.9017005
255 3.9018736
255 3.8831964
255 3.9028869
255 3.8843086
256 3.8850777
256 3.8663926
257 3.8679636
257 3.8490283
258 3.8497303
258 3.832127
257 3.8696837
257 3.8524334
255 3.907962
255 3.8895655
256 3.8903465
256 3.873246
257 3.873328
257 3.85611
256 3.8927107
256 3.8749404
255 3.9106538
255 3.8935757
256 3.8939722
256 3.8779235
256 3.8950248
256 3.877973
256 3.8955245
256 3.8804746
257 3.8797286
257 3.864014
257 3.8477764
257 3.864442
257 3.8490503
258 3.849615
258 3.8328161
258 3.849967
258 3.8342547
257 3.8677747
257 3.8517406
258 3.853032
258 3.8370004
258 3.8535955
258 3.8380628
258 3.85563
258 3.8397195
259 3.8403554
259 3.8249984
260 3.8262293
260 3.8107486
261 3.8116066
261 3.79672
262 3.7975664
262 3.7825568
262 3.7995322
262 3.7843387
263 3.785335
263 3.7710028
261 3.8175454
261 3.8034866
262 3.8040535
262 3.7894106
263 3.7899702
263 3.7765584
264 3.7769384
264 3.76356
264 3.7493935
265 3.750531
265 3.7360806
266 3.7384536
266 3.7235043
267 3.725363
267 3.7111623
267 3.7265835
267 3.713437
264 3.7713294
264 3.757906
264 3.7727852
264 3.7595046
265 3.7606118
265 3.7472038
265 3.7620177
265 3.749219
266 3.7499828
266 3.7371063
265 3.7515461
265 3.738753
264 3.7804859
264 3.7681947
264 3.768674
264 3.7559955
264 3.7700284
264 3.7574816
265 3.758443
265 3.746217
266 3.7464626
266 3.734654
267 3.7349877
267 3.7229495
268 3.7238576
268 3.71203
264 3.777665
264 3.7654514
263 3.7919478
263 3.7798162
264 3.780524
264 3.7682648
265 3.7689083
264 3.7702203
264 3.757919
264 3.771388
264 3.7594934
265 3.7602024
265 3.7484643
265 3.7492034
265 3.7375727
265 3.750854
265 3.7394748
264 3.7770784
264 3.7651806
264 3.7670097
264 3.754617
265 3.7551358
265 3.744271
265 3.7567563
265 3.745454
266 3.7465816
266 3.7350628
267 3.7355874
267 3.7251065
267 3.7373834
267 3.726074
266 3.751213
266 3.7395306
267 3.7403405
267 3.7295492
267 3.7301219
267 3.7192926
267 3.7316904
267 3.7209628
268 3.721898
268 3.711345
267 3.7352457
267 3.724544
268 3.7249906
267 3.7260287
267 3.7154868
267 3.727792
267 3.7168422
268 3.717556
268 3.7069902
268 3.7196796
268 3.709124
264 3.7763596
264 3.7659554
264 3.7665203
264 3.7562006
264 3.7677648
264 3.7574985
263 3.7909915
263 3.780677
263 3.792213
263 3.7819922
263 3.7828286
263 3.7721574
264 3.7728934
264 3.762632
265 3.7633488
265 3.7531676
265 3.7648916
265 3.7549195
264 3.7763467
264 3.7668767
263 3.7881188
263 3.7781918
264 3.7789326
264 3.7690415
264 3.7804816
264 3.770519
264 3.7811503
264 3.7718253
264 3.7718303
264 3.7622273
262 3.8038843
262 3.7941325
263 3.794814
263 3.7850192
264 3.7855277
264 3.7759597
264 3.7763739
262 3.7975962
262 3.7878025
263 3.7882977
263 3.7788424
263 3.7793953
263 3.7699718
264 3.7704315
264 3.7611892
264 3.7715306
264 3.7624056
265 3.7629166
265 3.753488
265 3.7549756
265 3.745062
266 3.7460124
266 3.7365718
263 3.7953796
263 3.7862284
263 3.7868178
263 3.7777307
264 3.7782285
264 3.7690248
263 3.7990432
263 3.7893975
262 3.808871
262 3.7997892
262 3.8005517
262 3.7916393
263 3.7917376
263 3.7828174
263 3.792893
263 3.7841532
263 3.79418
262 3.794624
262 3.8132796
260 3.8322709
260 3.832588
260 3.8245156
260 3.8151057
261 3.8155656
261 3.8068156
262 3.8072577
262 3.7984972
262 3.7989907
262 3.7903922
263 3.7907987
263 3.7822578
263 3.7830908
263 3.774129
262 3.8106537
262 3.8024178
260 3.8297722
260 3.8207464
261 3.8216221
261 3.8126895
261 3.813037
261 3.804973
258 3.8580384
258 3.849576
258 3.8675199
258 3.8591075
258 3.8680997
258 3.8596215
258 3.859961
258 3.8515377
258 3.8692105
258 3.8608704
257 3.887051
257 3.8787754
256 3.896238
256 3.8878782
254 3.9308379
254 3.922775
254 3.922739
253 3.9400566
253 3.9401839
253 3.9319034
254 3.931715
254 3.9238188
254 3.9151962
254 3.915769
254 3.9072325
254 3.9157937
254 3.9075546
254 3.9160466
254 3.9078414
255 3.9084218
255 3.9001367
252 3.9498909
252 3.941683
252 3.9500322
252 3.9419549
253 3.942106
253 3.934335
253 3.9423423
253 3.934186
253 3.9343836
253 3.9264042
254 3.9265215
254 3.918527
254 3.9190388
254 3.9108708
254 3.9191122
254 3.9111967
254 3.9194984
254 3.9115198
254 3.9200375
254 3.911934
255 3.9121397
255 3.904363
255 3.9046445
255 3.8969133
256 3.897147
256 3.8897662
254 3.9209845
254 3.913343
254 3.9213233
254 3.9136195
254 3.9064324
255 3.9063106
255 3.9063408
255 3.8994198
255 3.8914108
254 3.914769
254 3.9071815
254 3.9227126
254 3.9152286
253 3.9383628
253 3.9308476
253 3.9309793
253 3.9234767
254 3.923503
254 3.9161325
254 3.9314418
254 3.9240541
254 3.924138
254 3.916822
255 3.9169192
255 3.909673
254 3.9247053
254 3.9176183
255 3.9179173
255 3.910257
255 3.917902
255 3.9106767
255 3.918524
255 3.911266
254 3.9257858
254 3.918599
255 3.9186907
255 3.9116008
254 3.9263859
254 3.9195364
255 3.9193401
255 3.9121869
255 3.905031
255 3.9058821
255 3.8982549
256 3.8986073
256 3.8916955
255 3.905997
255 3.8988736
256 3.89939
256 3.892164
256 3.892301
256 3.8853917
256 3.8926842
256 3.885771
256 3.9001558
256 3.893309
256 3.8935525
256 3.8866043
256 3.8939002
256 3.8870845
256 3.89419
256 3.8873987
253 3.9435594
253 3.937008
253 3.9368432
253 3.9299972
253 3.9439788
253 3.9371169
253 3.9441998
253 3.9373071
253 3.9374964
253 3.9307473
254 3.9307582
254 3.9239898
254 3.92412
254 3.917413
255 3.9176877
255 3.9112008
255 3.917861
255 3.91121
255 3.9182189
255 3.9115107
254 3.9318748
254 3.9259336
253 3.9389431
252 3.9456615
253 3.9460173
253 3.9397511
253 3.9392989
253 3.9329855
253 3.9261432
254 3.9263966
254 3.9200313
254 3.919904
254 3.9133887
254 3.9202464
254 3.9137523
254 3.9204834
254 3.9140615
255 3.9141257
255 3.907761
255 3.9079375
255 3.9015274
255 3.901739
255 3.8952835
255 3.9084601
255 3.9021919
255 3.9023504
255 3.895986
255 3.9090517
255 3.9028227
255 3.902929
255 3.896705
256 3.8968709
256 3.8906264
256 3.897176
256 3.891001
254 3.9230444
254 3.9166737
254 3.923439
254 3.9170125
254 3.9298956
254 3.9239018
254 3.9237492
254 3.9174867
253 3.9365613
253 3.9304218
254 3.9306796
254 3.924371
254 3.9243913
254 3.9183338
255 3.918461
255 3.9122608
255 3.912665
255 3.9065897
255 3.900388
255 3.9067094
255 3.9007201
255 3.9007528
255 3.8948634
256 3.8951929
256 3.8890185
255 3.9075918
255 3.9016323
253 3.9323368
253 3.9262857
253 3.9328067
253 3.9267254
253 3.944809
253 3.9388237
253 3.939036
253 3.933244
253 3.9331782
253 3.9271042
254 3.9338062
254 3.9274414
254 3.9275742
254 3.9215922
254 3.927697
254 3.9218266
254 3.9338353
254 3.9284413
254 3.9343834
254 3.9283273
254 3.9284103
254 3.922498
254 3.922845
254 3.9171662
255 3.9172194
255 3.9112659
255 3.9114196
255 3.905837
255 3.917498
255 3.9119692
254 3.9235866
254 3.917882
255 3.917979
254 3.924126
254 3.9181945
254 3.9300828
254 3.9244328
252 3.9590437
252 3.9533916
252 3.9533904
252 3.94774
252 3.9478378
252 3.942166
252 3.947942
252 3.9423318
253 3.948091
253 3.942429
253 3.9426012
253 3.9368958
253 3.9426749
253 3.9370973
253 3.9428596
253 3.9375434
253 3.937342
253 3.9320703
254 3.9319663
254 3.9264288
254 3.9210832
253 3.9322307
253 3.9266062
254 3.926951
254 3.9212394
254 3.9270232
254 3.9215467
254 3.9216123
254 3.9161584
254 3.9218736
254 3.9164562
253 3.9442048
253 3.9388156
252 3.9554513
252 3.9501271
252 3.961105
252 3.955635
252 3.9556527
252 3.9501622
252 3.9559476
252 3.9506443
252 3.950496
252 3.945085
253 3.9505017
253 3.9453635
253 3.9452877
253 3.9398708
253 3.9453716
253 3.9400334
253 3.945541
253 3.9402168
253 3.9457512
253 3.9406533
253 3.9351666
253 3.9351478
253 3.9299154
253 3.9356165
253 3.930082
253 3.9456894
253 3.9413333
253 3.9410546
253 3.9357932
253 3.9465017
253 3.941331
253 3.9413042
253 3.936154
253 3.9414802
253 3.9362392
252 3.9525483
252 3.9473894
252 3.9523199
252 3.9471958
253 3.9473476
253 3.9421813
253 3.9423392
253 3.9369256
253 3.9372132
253 3.931882
254 3.9320114
254 3.926926
253 3.9477506
253 3.9426374
253 3.942732
253 3.9375775
253 3.9377391
253 3.9326046
254 3.9326913
254 3.9276974
254 3.9276896
254 3.9229562
253 3.9484599
253 3.9433305
253 3.9485312
253 3.9434953
253 3.9383316
253 3.9383903
253 3.9335465
253 3.9336708
253 3.9287052
254 3.9286962
254 3.9239483
254 3.923846
254 3.9191754
254 3.9189808
254 3.914288
254 3.9192631
254 3.9143655
255 3.9144926
255 3.9095156
255 3.9148238
255 3.9097998
255 3.909815
255 3.9051409
255 3.9053366
255 3.900311
256 3.9003572
256 3.8955827
256 3.8956923
256 3.8909159
256 3.8909929
256 3.8861763
256 3.8912423
256 3.8866668
257 3.8866723
257 3.8818467
256 3.8917563
256 3.8871834
257 3.8874166
255 3.9022057
256 3.9020774
256 3.8975527
256 3.897412
255 3.912306
255 3.9075775
254 3.92231
254 3.9173152
254 3.917491
254 3.91276
255 3.9129596
255 3.908076
255 3.908224
255 3.9034708
255 3.903624
255 3.8990002
255 3.91366
255 3.908773
254 3.9328125
254 3.9280822
254 3.9281116
254 3.9234545
253 3.9378505
253 3.9331925
253 3.9426863
253 3.9380898
253 3.9381819
253 3.933434
254 3.93355
254 3.9289117
254 3.929014
254 3.9243364
254 3.9244254
254 3.9200957
254 3.9199872
254 3.9153426
255 3.9154415
255 3.9109044
255 3.9157119
255 3.911039
255 3.911343
255 3.9066858
255 3.911349
255 3.9070475
255 3.9115906
255 3.9071178
255 3.9026012
254 3.921188
254 3.9166658
254 3.9167078
254 3.9122548
255 3.9123557
255 3.9078283
254 3.9217126
254 3.9172206
254 3.9172795
254 3.912803
255 3.917522
255 3.912984
255 3.913101
255 3.908614
255 3.9089134
255 3.90437
255 3.9044256
255 3.9000747
256 3.9001348
256 3.8957634
256 3.900413
256 3.8959107
256 3.8962913
256 3.8917332
256 3.9008605
256 3.8964653
256 3.9010303
256 3.8966799
256 3.8967257
256 3.8926504
256 3.8970256
256 3.8926988
256 3.8928182
256 3.8884883
256 3.8974488
256 3.8931406
256 3.8932245
256 3.888948
257 3.8890707
257 3.8849456
257 3.880452
257 3.8852506
257 3.8807325
257 3.8852465
257 3.8810456
257 3.8855498
257 3.8812385
256 3.8902154
256 3.8859081
257 3.885999
257 3.881808
257 3.8819537
257 3.8776746
257 3.8778582
257 3.8736098
257 3.878056
257 3.8739176
257 3.8740206
257 3.8698282
258 3.8699355
258 3.8659573
258 3.870283
258 3.8660626
258 3.8662233
258 3.862017
258 3.862364
258 3.858104
259 3.8582397
259 3.8540761
259 3.8542652
259 3.8501477
259 3.8545105
259 3.8506477
259 3.8591619
259 3.8550239
259 3.8594449
259 3.8552988
259 3.8597429
259 3.8555892
259 3.8559215
259 3.8517153
259 3.8518717
259 3.8477929
259 3.8479857
259 3.8438869
260 3.8440995
260 3.8400133
260 3.8401814
259 3.8447187
259 3.8405643
260 3.840731
260 3.83675
259 3.8493495
259 3.8457208
258 3.8580601
258 3.8540297
258 3.858323
258 3.854349
259 3.8545158
259 3.850458
259 3.8548331
259 3.8509743
259 3.8509374
259 3.8469954
259 3.8512447
259 3.847342
259 3.8515508
259 3.8476083
259 3.847749
259 3.8438187
259 3.848045
259 3.8441384
259 3.844329
259 3.84034
259 3.8486652
259 3.844915
258 3.8652813
258 3.8613966
258 3.8737001
258 3.8697991
256 3.8942232
256 3.890278
256 3.8984697
256 3.8945127
255 3.9110951
255 3.9071486
255 3.915212
255 3.9110804
255 3.9152567
255 3.9112904
255 3.915411
255 3.9114213
255 3.9115727
255 3.907642
255 3.911687
255 3.9078107
255 3.9039266
255 3.911998
255 3.908133
255 3.9161217
255 3.9122605
255 3.9123318
255 3.9084356
255 3.9165008
255 3.912577
255 3.9126635
255 3.9088435
255 3.9088566
255 3.9052331
255 3.9090977
255 3.9052658
255 3.9132247
255 3.909381
255 3.909439
255 3.905622
255 3.9057295
255 3.9019082
256 3.901989
256 3.8982089
256 3.898278
256 3.8944483
Start time: 17/12/2018 12:21:02.324
End time: 17/12/2018 12:25:19.008
Duration: 256684 milliseconds (256.684 seconds)
Average latency: 256 milliseconds
Reads average latency: 9 milliseconds
Writes average latency: 505 milliseconds
Average throughput: 3.895841 operations per second
Number of requests: 1000
Number of reads: 502
Number of writes: 498
Number of timeouts: 0
Percentage of writes: 50%
Number of replicas: 4
