0 3.7453184
0 1.8939394
0 1.3192612
0 0.98039216
118 7.8802204
118 6.6489363
116 8.498584
116 7.4441686
112 8.837826
112 7.971303
123 7.985481
123 7.292012
140 7.027192
140 6.554574
155 6.389776
155 5.9790735
170 5.8561726
165 5.7739286
165 5.454164
179 5.3849225
179 5.1301537
190 5.084438
190 4.867026
202 4.8196774
202 4.6274133
202 4.9094815
202 4.7274337
211 4.711593
211 4.5417013
209 4.7789726
209 4.636188
216 4.608295
216 4.483218
216 4.350894
220 4.4490075
220 4.3261228
208 4.7475185
208 4.6223345
209 4.714564
209 4.597242
210 4.6769953
210 4.5653415
212 4.6442504
212 4.5396767
214 4.615248
214 4.5150647
216 4.589885
216 4.494756
221 4.484305
221 4.3947263
226 4.384591
226 4.3086867
228 4.372079
228 4.2921634
233 4.2840543
226 4.3524795
230 4.344779
230 4.2740936
234 4.2639594
234 4.1932907
234 4.1262774
228 4.3131194
228 4.2496514
232 4.245489
232 4.18127
233 4.238571
233 4.1746182
233 4.2308145
233 4.1698036
237 4.168332
237 4.1117496
241 4.107004
241 4.051021
244 4.0501137
244 3.9972284
248 3.9968448
248 3.9429314
251 3.9475033
251 3.897353
255 3.8972719
255 3.849001
255 3.8992054
255 3.8543072
252 3.9488084
252 3.9044125
252 3.9509156
232 4.275076
234 4.269234
227 4.358963
227 4.3074737
221 4.4825315
221 4.4313145
223 4.426871
223 4.3801827
224 4.4178905
224 4.3719034
227 4.368072
227 4.3233542
221 4.482494
221 4.4394674
224 4.4323087
224 4.39164
219 4.540868
219 4.4993076
211 4.7178783
211 4.6785393
210 4.744471
210 4.7009177
211 4.7306466
211 4.6897154
213 4.681648
213 4.64004
215 4.6342154
215 4.593429
217 4.587794
216 4.584784
216 4.5462317
218 4.5402184
218 4.5019317
220 4.4973016
220 4.460598
221 4.489301
221 4.4534016
223 4.44946
223 4.4138813
223 4.4417653
223 4.4090323
218 4.5597925
218 4.5264297
220 4.521129
220 4.485947
222 4.484033
222 4.4488535
221 4.5054455
221 4.4715567
220 4.529012
220 4.495169
221 4.4919724
221 4.4586353
223 4.4552336
223 4.4250298
225 4.421912
225 4.3892756
227 4.3882794
227 4.357058
226 4.409992
226 4.3803563
228 4.376368
228 4.347476
228 4.371235
224 4.4218497
224 4.393234
226 4.390435
226 4.36205
226 4.3861914
226 4.3572984
228 4.35458
228 4.328566
228 4.3505597
228 4.3235946
229 4.347394
229 4.319388
227 4.3911295
227 4.3638315
222 4.482132
222 4.4574018
224 4.45317
224 4.4278336
225 4.424046
225 4.3992753
227 4.3960156
227 4.3712797
226 4.414654
224 4.4362717
224 4.455412
224 4.430912
225 4.4290786
225 4.4041977
227 4.4006615
223 4.442766
223 4.4183273
225 4.4161267
225 4.3921947
226 4.3897777
226 4.36634
228 4.3643713
228 4.3406677
229 4.3392253
229 4.315999
229 4.3356557
229 4.3135037
231 4.3112426
231 4.288822
232 4.2872458
232 4.265267
232 4.3049803
232 4.2835684
233 4.281531
233 4.260878
233 4.277947
232 4.2977376
232 4.2769737
232 4.2756095
232 4.253734
234 4.2523313
234 4.231859
235 4.2304125
235 4.210162
236 4.209157
236 4.18912
237 4.188462
237 4.168317
239 4.1685443
239 4.148137
238 4.184645
238 4.1655097
236 4.2199535
236 4.200833
234 4.2542315
234 4.2359014
235 4.2342978
235 4.2156844
236 4.2141886
236 4.1954546
237 4.1950336
237 4.1758823
238 4.192651
238 4.1743402
239 4.1735063
239 4.156305
239 4.1721487
239 4.153883
240 4.1530094
240 4.136257
241 4.1351147
241 4.118365
241 4.100297
242 4.099807
242 4.083477
243 4.083061
243 4.0652432
245 4.064906
245 4.0483165
246 4.048185
246 4.0314026
246 4.048254
246 4.0314093
244 4.0794606
244 4.063017
242 4.111737
242 4.094769
241 4.1261325
241 4.1096325
242 4.109783
242 4.0931544
242 4.1085405
242 4.0924935
243 4.1076994
243 4.0914636
240 4.153463
240 4.136853
241 4.1365204
241 4.120858
239 4.1660986
239 4.1507554
240 4.1500015
240 4.1340265
241 4.13328
240 4.148391
241 4.1473494
241 4.1320486
241 4.1167994
239 4.160197
239 4.144836
238 4.1743026
238 4.1582756
239 4.1586647
239 4.1428123
240 4.1423597
240 4.127746
240 4.1414647
240 4.1267233
240 4.1402893
240 4.125715
240 4.1395955
240 4.124836
240 4.1522684
240 4.1381416
241 4.1375494
241 4.1233416
242 4.1226916
242 4.1086326
242 4.121798
242 4.108396
240 4.148365
240 4.134409
239 4.160608
239 4.1467605
240 4.146436
240 4.1329474
241 4.1318474
241 4.118823
241 4.1310315
241 4.117717
241 4.130443
241 4.1173244
242 4.129486
242 4.1161346
242 4.115599
242 4.103014
242 4.1150146
240 4.152888
240 4.1522937
240 4.1391783
240 4.1261983
241 4.125851
241 4.1128383
241 4.137584
241 4.1246676
241 4.1242266
241 4.111432
242 4.1110864
242 4.0986648
243 4.098108
243 4.085199
244 4.085639
244 4.072697
241 4.1331887
241 4.1212296
242 4.1204133
242 4.1080165
242 4.1074934
242 4.095653
243 4.107391
243 4.094789
243 4.1064587
243 4.0940323
243 4.094481
243 4.081729
244 4.093299
244 4.081489
244 4.0927057
244 4.080824
244 4.0805416
244 4.0688105
244 4.080312
244 4.068742
245 4.0801315
245 4.067929
245 4.067874
245 4.067727
245 4.0564494
245 4.0678043
245 4.0558558
245 4.055607
245 4.0440807
246 4.044682
246 4.033204
245 4.0660825
245 4.0548797
246 4.054638
246 4.0435286
246 4.0432754
246 4.032258
247 4.0321255
247 4.021155
247 4.032038
247 4.021171
247 4.032214
247 4.020839
248 4.020913
248 4.009977
246 4.052924
246 4.0419593
246 4.052944
246 4.042209
247 4.0416255
247 4.0314903
242 4.115313
242 4.104529
243 4.104427
243 4.0936837
244 4.093824
244 4.0830784
242 4.1240325
242 4.113393
242 4.11293
242 4.1024585
243 4.102111
243 4.091594
244 4.0915275
244 4.0809665
244 4.080719
244 4.070405
245 4.070103
245 4.060278
245 4.0498066
246 4.0496407
246 4.039533
245 4.0594316
245 4.0493097
244 4.0789123
244 4.0689135
244 4.0883803
244 4.078489
242 4.117618
242 4.1073008
242 4.108004
242 4.0971584
243 4.106596
243 4.096686
243 4.0963717
243 4.0864944
244 4.0863643
244 4.076558
243 4.095563
243 4.0855865
242 4.114478
242 4.104855
243 4.1041365
243 4.094351
243 4.103915
243 4.0942917
244 4.0936446
244 4.084014
243 4.112174
243 4.1026983
243 4.1119957
242 4.1116967
243 4.1109776
243 4.101441
243 4.1011305
243 4.0920763
243 4.0824227
243 4.1006594
243 4.091255
243 4.0910463
243 4.0816326
244 4.081484
244 4.072246
245 4.072008
245 4.062834
245 4.062655
245 4.0534334
246 4.053386
246 4.0436463
246 4.0535464
246 4.043993
245 4.0622163
245 4.052721
246 4.052532
246 4.0439615
246 4.052336
246 4.0434475
246 4.0433874
246 4.034592
247 4.034446
247 4.0256033
246 4.0517225
246 4.0428805
246 4.051463
246 4.04273
247 4.042603
247 4.033996
247 4.0339227
247 4.025267
248 4.02511
248 4.0168533
248 4.016544
248 4.016577
248 4.0250335
248 4.0163364
248 4.016302
248 4.00827
248 3.9994612
249 3.9998655
249 3.9911456
250 3.9911642
250 3.9827664
250 3.9827693
250 3.9744241
250 3.983171
250 3.9747274
251 3.9747467
251 3.9668467
250 3.991244
250 3.9830823
250 3.9913452
250 3.9834774
250 3.9832182
250 3.9749773
251 3.9750926
251 3.9670308
249 4.0075455
249 3.999386
249 3.9997418
249 3.9914057
250 3.9914548
250 3.9833932
249 3.999552
249 3.9914105
250 3.9918091
250 3.9839056
250 3.9836211
250 3.9757023
251 3.9758446
251 3.9679723
248 4.0153055
248 4.0077014
249 4.007309
249 3.999499
249 4.0073113
249 3.9994385
249 3.9920938
249 3.9917986
250 3.99166
250 3.9842796
250 3.976404
250 3.9764802
250 3.968773
251 3.9688327
251 3.9612606
251 3.97666
251 3.9690719
251 3.976749
251 3.969159
251 3.9690971
251 3.9616408
251 3.969304
251 3.9618454
251 3.9693897
251 3.9619887
250 3.984512
250 3.977141
251 3.9770942
251 3.9699123
251 3.9775646
251 3.9697878
251 3.977323
251 3.969988
250 3.9850948
250 3.9777424
250 3.9921336
250 3.9851184
250 3.992133
250 3.98491
250 3.9849377
250 3.977986
251 3.9776783
250 3.97769
250 3.9704144
251 3.9708705
251 3.9634037
251 3.963527
251 3.956614
252 3.9564075
252 3.949192
252 3.9496224
252 3.9423034
253 3.9423501
253 3.9353518
253 3.9354386
253 3.9284494
254 3.9285762
254 3.9216795
254 3.9218733
254 3.9148746
253 3.9432454
253 3.9363434
253 3.9433613
253 3.9364839
253 3.9436145
253 3.937063
253 3.936898
253 3.9300518
252 3.9509773
252 3.944103
252 3.958094
252 3.951177
251 3.978926
251 3.9721057
251 3.9720445
251 3.965205
249 4.0063553
249 3.9995077
247 4.040597
247 4.033907
247 4.0335474
247 4.0267
247 4.0335155
247 4.0266094
247 4.033266
247 4.0268726
247 4.0332627
247 4.0263767
248 4.0266023
248 4.019912
248 4.01961
248 4.0198455
248 4.0128517
248 4.019619
248 4.013102
247 4.02608
247 4.019388
247 4.0260735
247 4.019404
248 4.019372
248 4.0127883
248 4.012688
248 4.006163
248 4.0127254
248 4.006143
249 4.0061855
249 3.999557
249 3.9995577
249 3.9931433
250 3.9931543
250 3.986642
250 3.986638
250 3.9802854
250 3.9931471
250 3.9867792
249 4.00606
249 3.999641
249 3.9996161
249 3.9932785
249 4.0060215
249 3.999516
249 4.0061555
249 3.9995935
249 4.006009
249 3.999899
249 3.999621
249 3.9932373
250 3.993298
250 3.98707
250 3.987241
250 3.9808416
250 3.987031
250 3.980877
250 3.9871464
250 3.9808373
251 3.9811394
251 3.974958
251 3.9686475
251 3.9686716
251 3.962587
251 3.9625225
251 3.9565396
252 3.956777
252 3.9505293
251 3.9628496
251 3.956806
252 3.9568477
252 3.950759
252 3.951147
252 3.9450374
253 3.944857
253 3.9388714
253 3.9390836
253 3.9332914
252 3.9573932
252 3.9512818
252 3.9516644
252 3.9455323
253 3.945638
253 3.9396284
253 3.9457061
253 3.9398088
252 3.9517906
252 3.946278
252 3.952028
252 3.9462032
253 3.9462595
253 3.9403203
252 3.9524758
252 3.9467542
253 3.946763
253 3.9407647
252 3.9644027
252 3.9587445
251 3.9703252
251 3.9647217
252 3.9645646
252 3.9588003
252 3.9587681
252 3.9532826
252 3.947307
252 3.9532576
252 3.9476657
252 3.947513
252 3.9418774
253 3.941893
253 3.936259
253 3.9363732
253 3.930718
254 3.9307723
254 3.9251864
254 3.9252484
254 3.9196193
254 3.9312348
254 3.9255457
254 3.931341
254 3.9257793
254 3.9315803
254 3.9262567
254 3.9317293
254 3.926465
254 3.9263692
254 3.926473
254 3.9211273
254 3.9266572
254 3.9210408
253 3.932597
253 3.9268773
254 3.927067
254 3.9215903
253 3.9383674
253 3.9328904
254 3.9330273
254 3.9275947
254 3.9276295
254 3.922263
253 3.9389217
253 3.9334023
253 3.9501302
253 3.9446754
253 3.944708
253 3.9392328
253 3.9395535
253 3.9342718
250 3.9942517
250 3.988781
250 3.988688
250 3.9835002
250 3.9888053
250 3.9833286
249 3.9996097
249 3.994198
249 3.9996326
249 3.9942353
250 3.9943075
250 3.989147
250 3.9889686
250 3.988876
250 3.9835722
250 3.9836159
250 3.9782481
251 3.9777672
251 3.9733758
251 3.9730515
251 3.9677472
251 3.9677901
251 3.9625914
252 3.9625359
252 3.957358
252 3.962656
252 3.957387
252 3.9630466
252 3.9575198
252 3.962873
252 3.957735
252 3.9578736
252 3.9526932
252 3.9528377
252 3.9474096
252 3.952899
252 3.9475465
253 3.9476557
253 3.94255
253 3.9426038
253 3.9374974
253 3.9375987
253 3.9324505
253 3.93778
253 3.932645
253 3.9378793
253 3.9328787
254 3.9328642
254 3.9281247
254 3.9331365
254 3.928027
254 3.9332473
254 3.9282308
254 3.9230871
253 3.9384303
253 3.9335864
253 3.9438622
253 3.9388838
253 3.9439244
253 3.939158
253 3.939016
253 3.934347
252 3.9492443
252 3.944515
253 3.9444263
253 3.9394972
253 3.944605
253 3.9395897
253 3.939862
253 3.9348059
253 3.9347892
253 3.9300852
253 3.9451754
253 3.9400985
253 3.9400945
253 3.9352713
253 3.9353318
253 3.9305065
254 3.9305344
254 3.9256687
254 3.9257603
254 3.9209318
254 3.935847
254 3.9309604
254 3.9310064
254 3.9263875
254 3.9265735
254 3.9266632
254 3.9265037
254 3.9219506
254 3.9217787
254 3.9172041
254 3.9124694
254 3.9271965
254 3.9221952
254 3.9223652
254 3.917704
254 3.927472
254 3.9227781
253 3.9467669
253 3.9419665
252 3.96128
252 3.9565878
252 3.9568105
252 3.9518695
252 3.961522
252 3.9567573
252 3.956752
252 3.952061
252 3.9521556
252 3.9474807
252 3.9569573
252 3.9523442
252 3.9524195
252 3.9476545
252 3.9524758
252 3.9478152
252 3.9526064
252 3.9479008
252 3.957362
252 3.9529958
252 3.952847
252 3.9481635
253 3.948224
253 3.9436488
253 3.9437513
253 3.9390452
253 3.939318
253 3.9346273
254 3.934612
254 3.930285
254 3.9348001
253 3.9395592
253 3.9350235
253 3.944518
253 3.9397867
252 3.9489994
252 3.9445097
251 3.972158
251 3.9675615
251 3.967617
251 3.9630725
252 3.9630785
252 3.9585495
252 3.9586508
252 3.9540653
252 3.9586911
252 3.9541519
251 3.9725828
251 3.9679656
251 3.9679482
251 3.9635265
251 3.9680383
251 3.9635909
252 3.96365
252 3.9590745
252 3.9593883
252 3.9547563
252 3.9548252
252 3.950369
253 3.9503891
253 3.9459834
253 3.9459734
253 3.9418464
252 3.9595563
252 3.95516
252 3.9552097
252 3.9508104
253 3.9508126
253 3.9464455
253 3.9464698
253 3.9421346
253 3.9421988
252 3.9512765
252 3.946706
253 3.947026
253 3.942436
253 3.942482
253 3.938219
253 3.9382696
253 3.9338999
253 3.9340584
253 3.9297028
254 3.9297454
254 3.925507
253 3.9386907
253 3.934349
253 3.938824
253 3.9345088
253 3.9388885
253 3.934685
253 3.939055
253 3.9347923
253 3.9348288
253 3.9307837
253 3.939352
253 3.9350564
253 3.9351432
253 3.9308617
253 3.9354348
253 3.9310942
254 3.9311514
254 3.926909
254 3.9270208
254 3.9228256
254 3.9313781
254 3.9274383
254 3.9273481
254 3.923137
254 3.9232354
254 3.919021
254 3.9233983
254 3.919176
254 3.9236767
254 3.9193964
255 3.9194815
255 3.915331
255 3.9154532
255 3.9112825
255 3.911425
255 3.9114687
255 3.9073648
255 3.9076421
255 3.9034197
255 3.9035208
255 3.8994746
255 3.903657
255 3.8997982
255 3.9039228
255 3.8998442
256 3.8999321
256 3.895915
255 3.9043374
255 3.900227
256 3.9004111
256 3.8965068
256 3.9005525
256 3.8965595
256 3.896634
256 3.8926854
256 3.8968468
256 3.892858
256 3.892952
256 3.8889754
256 3.8931553
256 3.8892026
256 3.8893478
256 3.8853116
256 3.8935914
256 3.8897972
256 3.889751
256 3.8858416
256 3.8899908
256 3.8860734
257 3.8861418
257 3.8822048
256 3.8904047
256 3.8864558
257 3.886806
257 3.882727
257 3.882814
257 3.8788884
257 3.8790727
257 3.8751433
257 3.875284
257 3.8713353
258 3.8715262
258 3.8676355
258 3.8677216
258 3.8638887
258 3.8600483
258 3.8601878
258 3.856374
258 3.8644152
258 3.8606048
258 3.8607278
258 3.8568828
258 3.8649983
258 3.8611262
258 3.8612635
258 3.8574939
258 3.8575585
258 3.8539827
258 3.8579001
258 3.854118
258 3.8699932
258 3.8661919
258 3.870218
258 3.8664393
258 3.8705025
258 3.8667157
258 3.8668308
258 3.863085
258 3.8670905
258 3.8632917
258 3.8633945
258 3.8598318
258 3.8635552
258 3.8599691
258 3.8639245
258 3.8603303
258 3.8643677
258 3.8604813
258 3.8606455
258 3.8569343
259 3.8570127
259 3.8532822
Start time: 17/12/2018 12:21:02.326
End time: 17/12/2018 12:25:22.060
Duration: 259734 milliseconds (259.734 seconds)
Average latency: 259 milliseconds
Reads average latency: 9 milliseconds
Writes average latency: 505 milliseconds
Average throughput: 3.8500926 operations per second
Number of requests: 1000
Number of reads: 496
Number of writes: 504
Number of timeouts: 0
Percentage of writes: 50%
Number of replicas: 4
