0 3.690037
0 1.8656716
299 2.624672
299 1.980198
356 2.3771791
356 1.9893899
401 2.2611644
401 1.9811788
366 2.6466696
366 2.3875844
381 2.5473073
381 2.3255813
360 2.7472527
360 2.5619128
360 2.4
375 2.4888003
387 2.5749063
309 3.1131864
309 2.9343953
324 3.001801
324 2.8533385
334 2.9032843
334 2.7811577
311 3.1666667
311 3.02982
307 3.225311
307 3.10559
316 3.1392694
316 3.0307205
313 3.1842906
271 3.6040673
276 3.6101084
268 3.6350417
268 3.530658
277 3.5347774
277 3.4371881
284 3.451251
284 3.3641715
290 3.3808012
290 3.3
281 3.5077465
281 3.427592
287 3.4425008
287 3.3581414
293 3.3714843
293 3.3011904
292 3.4022284
292 3.328341
297 3.3420281
297 3.2779021
302 3.2876713
302 3.2305207
301 3.3159997
301 3.25516
305 3.2665505
293 3.352593
297 3.3627574
297 3.3105733
301 3.3155153
290 3.393665
290 3.3394446
294 3.349005
294 3.2974
298 3.3081582
298 3.2589312
302 3.2729256
302 3.219652
295 3.350773
295 3.302242
294 3.3689258
294 3.3245056
297 3.3292644
297 3.2858708
283 3.5093403
283 3.4642646
278 3.5793242
278 3.527154
273 3.6371088
273 3.5929356
276 3.5987403
276 3.5522227
276 3.6060622
276 3.5664368
272 3.662655
272 3.623359
272 3.672198
268 3.6786683
271 3.6781402
271 3.6399586
271 3.5998402
274 3.6029701
274 3.5618105
274 3.6113498
274 3.5715806
277 3.5757856
277 3.5400443
276 3.5860023
276 3.5494268
276 3.5940716
276 3.5595727
275 3.6038177
275 3.5676482
279 3.5700426
279 3.5373733
276 3.6139536
276 3.583824
275 3.6231885
275 3.5913954
277 3.5932972
277 3.5636363
277 3.600749
277 3.5701535
279 3.5724392
274 3.6125143
276 3.614123
276 3.5846
276 3.5557988
278 3.5571516
278 3.5271592
281 3.5307443
281 3.5032058
278 3.5713115
278 3.5432174
251 3.968126
251 3.9348667
252 3.9336357
252 3.9051428
252 3.937377
252 3.905887
252 3.9362812
252 3.9056542
254 3.9092093
254 3.8772504
254 3.9095142
254 3.8788383
256 3.8820107
256 3.8537896
258 3.8539555
258 3.8253565
256 3.883495
256 3.8572807
254 3.9145007
254 3.8856122
254 3.9167755
254 3.8878322
253 3.9439087
251 3.945793
251 3.9709337
251 3.944932
251 3.9710038
251 3.9459748
251 3.9192994
248 3.998014
248 3.9721687
248 3.9987617
248 3.9745626
248 3.9976575
248 3.9748847
244 4.0735245
244 4.04828
244 4.0737247
244 4.047484
246 4.0472918
246 4.022134
247 4.02395
247 4.000289
249 3.997989
249 3.9761906
246 4.0462837
246 4.022488
248 4.0226393
248 3.998884
248 4.0223775
248 3.9991727
249 3.998081
249 3.977092
251 3.976772
251 3.9544342
252 3.9535403
247 4.0212393
247 3.9992046
247 4.020299
247 3.9985144
248 3.9982617
248 3.9769168
250 3.9770408
250 3.9554424
251 3.9563525
251 3.9365911
253 3.9354339
253 3.9153283
254 3.9160955
254 3.8948393
250 3.977741
250 3.9573507
252 3.9578106
252 3.9381266
253 3.9386778
253 3.918889
255 3.9178061
249 3.9989655
249 3.9799616
248 3.9997637
248 3.980158
248 4.000156
248 3.9791915
250 3.9789848
250 3.9607768
251 3.960131
251 3.9421065
250 3.9796846
250 3.9605455
251 3.9625156
251 3.9423041
252 3.943379
252 3.9253445
254 3.9248204
254 3.9073248
254 3.926869
254 3.9083805
251 3.9628685
251 3.945946
250 3.9807775
250 3.9630828
251 3.9636693
251 3.946344
253 3.945746
253 3.928515
253 3.9462197
253 3.9299564
254 3.929511
254 3.9123092
254 3.9306557
252 3.9479754
253 3.9476595
253 3.9316704
253 3.9151492
254 3.9147162
254 3.8991249
255 3.89948
255 3.8824642
256 3.8835914
256 3.8676763
256 3.884036
256 3.8679354
257 3.8698559
257 3.8536894
258 3.8534713
258 3.8386173
258 3.8555064
258 3.839903
259 3.841087
259 3.8262079
260 3.8255064
260 3.8112864
261 3.8114877
261 3.7966018
262 3.7974489
262 3.78244
263 3.7846737
263 3.7689018
262 3.8011203
262 3.7860935
263 3.7871327
263 3.7734141
262 3.8043969
262 3.790092
262 3.7759504
261 3.806182
262 3.806449
262 3.792966
262 3.7786894
263 3.7803304
263 3.765159
264 3.767437
264 3.7523723
264 3.7691162
264 3.7547474
265 3.7557337
265 3.741895
264 3.771222
264 3.7577994
265 3.7585485
265 3.7458985
266 3.747
266 3.7336912
267 3.734619
267 3.7218602
268 3.7222047
268 3.709424
268 3.710218
268 3.6981235
268 3.7121449
268 3.70063
269 3.7013433
269 3.6883419
267 3.7295346
267 3.7176716
268 3.718218
268 3.706123
269 3.70705
269 3.694826
270 3.695833
270 3.683871
271 3.6846178
271 3.6732025
272 3.673358
272 3.6614819
271 3.6753762
271 3.6646106
271 3.6776054
271 3.6656327
271 3.6543915
272 3.655492
272 3.644028
271 3.67005
271 3.6584752
272 3.659503
272 3.6480796
273 3.6491334
273 3.6378133
272 3.6638227
272 3.6527078
271 3.6784673
271 3.6676471
272 3.6683064
272 3.6566873
268 3.7184691
268 3.7082067
265 3.7566652
265 3.7453637
264 3.7705846
264 3.7591727
265 3.7604342
265 3.7488954
266 3.7491968
266 3.7378519
266 3.751346
266 3.740413
266 3.7520142
266 3.741365
266 3.754386
266 3.7425234
266 3.7553337
266 3.7445366
266 3.7449288
266 3.7343106
266 3.7471263
266 3.746906
266 3.7479718
266 3.7378066
266 3.7267644
267 3.728172
267 3.7167583
268 3.7174723
268 3.706907
268 3.7085588
268 3.698324
268 3.7205777
268 3.7107399
268 3.7221255
268 3.712338
268 3.7236152
268 3.7139182
268 3.7142136
268 3.7045536
267 3.7267487
267 3.7167046
266 3.7502303
266 3.7400956
266 3.7516978
266 3.7410505
266 3.7529488
266 3.742835
265 3.754146
265 3.744641
266 3.7453184
266 3.7350545
267 3.735714
267 3.7259235
268 3.7263691
268 3.716616
268 3.7281868
268 3.7183626
268 3.7187464
268 3.7095754
268 3.7200842
268 3.711034
268 3.7215612
268 3.7124016
269 3.713061
269 3.704157
269 3.7142186
269 3.705245
269 3.705466
269 3.6969323
269 3.6873972
270 3.6877382
270 3.6785343
270 3.689336
270 3.6803207
271 3.6816287
271 3.6718006
270 3.692265
270 3.6834776
270 3.6848378
270 3.674845
270 3.6862745
270 3.6765425
270 3.6874092
270 3.678474
271 3.6788259
271 3.6703112
270 3.6905358
270 3.6812892
271 3.6820197
271 3.6730504
271 3.6745708
271 3.665591
271 3.6754906
271 3.6667266
272 3.668177
272 3.6591938
272 3.6694305
272 3.6607974
272 3.6615248
272 3.6533275
273 3.6539323
273 3.6453817
274 3.6457994
274 3.6376796
274 3.6293943
273 3.6481855
273 3.6404524
274 3.6413124
274 3.6325943
273 3.652107
273 3.6436026
273 3.6440494
273 3.6358018
274 3.6365616
274 3.6283684
273 3.6475918
273 3.638951
274 3.6401875
274 3.631082
274 3.6328495
274 3.624288
275 3.6258998
275 3.6171024
274 3.6359766
274 3.6279333
275 3.6287866
275 3.6207943
274 3.6392725
274 3.6310058
275 3.6317494
275 3.6237893
274 3.6337018
274 3.6254249
275 3.6265833
275 3.618421
275 3.6278515
275 3.6204398
275 3.6295457
275 3.621758
275 3.6224747
275 3.6153846
276 3.6156805
276 3.6081114
277 3.6092806
277 3.6013591
277 3.5938067
277 3.5946636
277 3.5867643
278 3.5883257
278 3.5801725
278 3.5894175
278 3.5818653
277 3.5910382
277 3.5838418
276 3.609629
276 3.6020966
277 3.6032462
277 3.5956094
277 3.596116
277 3.5890865
278 3.5896344
278 3.5825582
278 3.583147
278 3.575734
279 3.576974
279 3.5694005
279 3.5783389
279 3.5716884
279 3.5722349
279 3.5651054
280 3.5659785
280 3.5584905
278 3.5837991
278 3.5761895
279 3.5776892
279 3.5699801
279 3.5711734
279 3.5637636
280 3.564992
280 3.5576522
280 3.5664237
280 3.5596695
280 3.5601978
280 3.5535657
280 3.5619433
280 3.5549457
280 3.548721
281 3.5490181
281 3.5497549
278 3.5821497
278 3.5750961
279 3.5756395
279 3.5687094
279 3.569537
279 3.5627267
278 3.5788846
278 3.5720556
279 3.5728705
279 3.5660517
278 3.5819445
278 3.5755136
279 3.5760458
279 3.5693264
279 3.5700834
279 3.5634274
279 3.5792
279 3.572579
276 3.6181505
276 3.611617
274 3.6349552
274 3.6283066
274 3.643298
274 3.636579
273 3.6596997
273 3.652921
272 3.667941
272 3.6617918
272 3.6691322
272 3.662789
272 3.663111
272 3.6567209
273 3.6570263
273 3.6503518
273 3.643966
273 3.6446898
273 3.6378365
272 3.6602006
272 3.653817
272 3.6685634
272 3.6618729
272 3.670251
272 3.663449
272 3.6637099
272 3.6574934
272 3.6577902
272 3.6515539
273 3.6521974
273 3.6457853
273 3.6532454
273 3.6467261
273 3.647682
273 3.6410155
272 3.6625924
272 3.6564608
272 3.6711235
272 3.664717
272 3.6650453
272 3.658672
272 3.666183
272 3.6598043
272 3.6604435
272 3.6540468
273 3.6548448
273 3.6488056
273 3.64951
273 3.6426747
274 3.6435363
274 3.6373332
274 3.6447277
274 3.6388416
272 3.666143
272 3.660193
273 3.6605701
273 3.654303
273 3.6551092
273 3.6490443
271 3.6762974
271 3.6767426
271 3.6710918
271 3.6781209
271 3.6720197
271 3.6722484
271 3.6663978
272 3.666904
272 3.6611295
272 3.6678143
272 3.661985
272 3.6626403
272 3.6563072
273 3.6568732
273 3.6508834
272 3.657952
272 3.6522434
273 3.6525972
273 3.646606
270 3.6863775
270 3.6802783
271 3.6810615
271 3.674895
271 3.675422
271 3.6694279
272 3.6701992
272 3.6640904
272 3.6645842
272 3.6587403
272 3.6657078
272 3.659834
270 3.692351
270 3.6865005
270 3.6933556
270 3.687358
270 3.6883707
270 3.682306
271 3.682646
271 3.6770291
271 3.6772838
271 3.6714146
271 3.6848304
271 3.678852
269 3.7045875
269 3.6988971
270 3.699021
270 3.6935654
270 3.7000294
270 3.6941748
270 3.6889348
269 3.7077982
269 3.702142
268 3.7209246
268 3.71522
268 3.7217166
268 3.7161891
268 3.716923
268 3.710826
269 3.7112465
269 3.7055867
267 3.7304761
267 3.7247357
268 3.7254508
268 3.71969
265 3.7565877
265 3.7508876
265 3.7572796
265 3.751914
266 3.7518804
266 3.7460866
266 3.7530348
266 3.7469625
265 3.759376
265 3.7536502
264 3.7842047
264 3.7785485
264 3.7788339
264 3.773315
264 3.773383
264 3.7678213
265 3.7681434
265 3.7624724
265 3.7633805
265 3.7573774
266 3.7576687
266 3.7521794
265 3.7584476
265 3.7530837
266 3.7532475
266 3.7479506
266 3.7483628
266 3.7426722
267 3.7430255
267 3.7377737
267 3.732124
267 3.732903
267 3.7272985
267 3.7277148
267 3.7223926
267 3.7282639
267 3.7231715
268 3.723355
268 3.7180061
267 3.7298443
267 3.724544
268 3.7248955
268 3.7197661
268 3.7258291
268 3.720819
268 3.7264397
268 3.7214005
267 3.7442772
267 3.7392073
267 3.7393012
267 3.7345266
267 3.7344797
266 3.7517533
266 3.7466457
266 3.7524295
266 3.7470622
266 3.7534802
266 3.7480211
265 3.765195
265 3.759734
265 3.765597
265 3.7603605
265 3.76629
265 3.7610877
265 3.7613559
265 3.7562165
265 3.7620566
265 3.7569928
265 3.7573276
265 3.7524693
266 3.7525616
266 3.7471266
266 3.7479246
266 3.7426746
267 3.7428217
267 3.7376955
267 3.7379513
267 3.7333128
267 3.7389474
267 3.733611
267 3.7396145
267 3.7345343
266 3.7457232
266 3.7406888
267 3.7408767
267 3.7360437
267 3.7362177
267 3.731103
267 3.7263618
267 3.7265286
267 3.7215073
267 3.7381582
267 3.732577
267 3.7333107
267 3.7283268
267 3.7289054
267 3.723802
267 3.7293665
267 3.7246902
267 3.7406683
267 3.7359114
267 3.7363575
267 3.7311468
266 3.7527595
266 3.747697
265 3.7638326
265 3.7591228
265 3.7593002
265 3.7541378
265 3.7600846
265 3.7549932
266 3.7553315
266 3.7502792
266 3.7557712
266 3.7509065
266 3.7564225
266 3.7515113
266 3.7521224
266 3.7470171
266 3.7526832
266 3.747937
266 3.747953
266 3.7436473
265 3.7589364
265 3.754053
266 3.7545784
266 3.7498088
266 3.7446887
266 3.7449942
266 3.7403886
267 3.740965
267 3.7360342
267 3.7362738
267 3.7319658
265 3.7674675
265 3.7629826
265 3.7627883
265 3.7584906
265 3.76346
265 3.7587569
265 3.7640903
265 3.7593045
264 3.775
264 3.7699482
264 3.7751281
264 3.7708218
264 3.7809253
264 3.7760596
264 3.7762625
264 3.7718456
263 3.7867537
263 3.7821107
264 3.7823238
264 3.7778468
264 3.7830462
264 3.7783933
264 3.7787213
264 3.7738442
264 3.7791896
264 3.7745457
264 3.7702265
263 3.7896361
263 3.7947333
262 3.8002622
263 3.8000615
261 3.8152728
261 3.8104577
262 3.8109646
262 3.8059084
261 3.8159633
261 3.8115573
261 3.8164258
261 3.8120668
262 3.811926
262 3.8072896
262 3.8125603
262 3.807843
262 3.8082373
262 3.803482
262 3.8085318
262 3.803951
262 3.8088973
262 3.8045626
261 3.8238554
261 3.8191507
261 3.8240373
261 3.8197784
261 3.8198109
261 3.8152058
260 3.8345478
260 3.8298273
260 3.830046
260 3.8254862
261 3.825889
261 3.8214705
261 3.8214827
261 3.8169549
261 3.8220255
261 3.8176143
261 3.8176668
261 3.813111
261 3.8183756
261 3.818658
260 3.832343
260 3.8283062
260 3.8327672
260 3.828562
260 3.8239768
260 3.8289754
260 3.8243828
261 3.8245149
261 3.8203602
260 3.8387628
260 3.8343205
260 3.839115
260 3.8347178
260 3.8348718
260 3.8306644
260 3.8309276
260 3.8262978
260 3.8312607
260 3.826676
261 3.8272552
261 3.8228068
261 3.8273
261 3.8231044
260 3.837139
260 3.8324566
260 3.8371773
260 3.832748
259 3.851386
259 3.8467076
259 3.8558853
259 3.8515406
258 3.8606403
258 3.8563347
258 3.8609004
258 3.8569314
259 3.8571773
259 3.8525336
259 3.8526976
259 3.8484125
259 3.8529737
259 3.8489027
259 3.8488483
259 3.844791
260 3.8447924
260 3.8407142
260 3.836272
260 3.841184
260 3.8370044
260 3.836998
260 3.8328323
260 3.8328307
260 3.828578
260 3.8289165
260 3.8249621
260 3.8378823
260 3.8339272
260 3.8426645
260 3.8384287
259 3.8431907
259 3.8387966
260 3.8389382
260 3.8350244
260 3.8393204
260 3.8353484
260 3.8353107
260 3.8315501
260 3.8314176
260 3.8272398
260 3.8362346
260 3.8318791
260 3.8367348
260 3.832322
259 3.849633
259 3.8454785
259 3.8501356
259 3.8458416
259 3.850209
259 3.8465312
259 3.8463504
259 3.842226
260 3.8424103
260 3.8382826
260 3.8386822
260 3.834372
260 3.8349042
260 3.830721
260 3.8307216
260 3.8266652
261 3.8270576
261 3.8228037
261 3.8190093
261 3.8189747
261 3.8151438
261 3.8153377
261 3.8113906
262 3.8114126
262 3.807462
262 3.8117425
262 3.8081496
261 3.820531
261 3.8165398
261 3.8168893
261 3.8129575
261 3.8212912
261 3.8172684
261 3.8176947
261 3.8137152
261 3.8261144
261 3.8223712
261 3.8223495
261 3.8185391
261 3.8189301
261 3.8146915
261 3.814866
261 3.8111413
262 3.8111317
262 3.8074338
262 3.8115802
262 3.807625
262 3.807977
262 3.8041108
262 3.8124564
262 3.8086402
262 3.8086333
262 3.8049679
262 3.8049498
262 3.8012645
262 3.80145
262 3.7975912
262 3.8018973
262 3.7979076
262 3.8021126
262 3.7982688
263 3.7986095
263 3.7950208
263 3.798922
263 3.795051
263 3.7954695
263 3.7915034
263 3.795666
263 3.7920713
263 3.7881358
263 3.7963226
263 3.7925718
263 3.792718
263 3.789144
263 3.7891726
263 3.785549
263 3.7858214
263 3.7818637
264 3.7822442
264 3.7785368
264 3.7785316
264 3.7751777
264 3.7750869
264 3.7713861
264 3.775544
264 3.7718353
264 3.7720296
264 3.7683468
264 3.7764232
264 3.7727282
264 3.7768455
264 3.773187
264 3.7772808
264 3.7735703
264 3.7778177
264 3.774172
264 3.777985
264 3.77464
264 3.774639
264 3.7712884
264 3.7791228
264 3.775468
264 3.7795935
264 3.7757993
263 3.7913852
263 3.787879
263 3.788156
263 3.784295
263 3.7809365
263 3.788853
263 3.785061
263 3.7854552
263 3.781543
263 3.7856047
263 3.782047
264 3.7823997
264 3.7788515
264 3.778774
264 3.7752078
264 3.7791805
264 3.7756057
264 3.7796423
264 3.7760456
264 3.7762432
264 3.7726853
264 3.776652
264 3.7732573
Start time: 17/12/2018 12:21:02.322
End time: 17/12/2018 12:25:27.211
Duration: 264889 milliseconds (264.889 seconds)
Average latency: 264 milliseconds
Reads average latency: 10 milliseconds
Writes average latency: 505 milliseconds
Average throughput: 3.775166 operations per second
Number of requests: 1000
Number of reads: 486
Number of writes: 514
Number of timeouts: 0
Percentage of writes: 50%
Number of replicas: 4
