0 3.6764703
0 1.8656716
305 2.6455028
305 1.9723865
359 2.3866348
359 1.984127
403 2.2650056
403 1.9870839
430 2.205558
430 1.9944156
388 2.5325615
388 2.3217247
361 2.7565084
328 2.8425243
328 2.6631157
341 2.7410915
341 2.5724976
356 2.665482
356 2.5183632
371 2.5937748
371 2.4705434
381 2.5431426
381 2.4297118
390 2.4933512
390 2.3942537
380 2.613776
380 2.5159094
367 2.7092543
367 2.6196058
375 2.6588674
304 3.2158477
308 3.235038
298 3.2695568
298 3.1757233
306 3.194888
306 3.106624
303 3.237643
303 3.1522539
301 3.2766743
301 3.1984007
289 3.4086483
289 3.3307955
295 3.3479028
295 3.269161
293 3.37328
293 3.299757
299 3.3157625
299 3.246483
304 3.2605152
304 3.199232
310 3.2103987
310 3.1499693
315 3.1640801
315 3.1083481
320 3.120238
313 3.1374786
313 3.0840402
310 3.1691353
310 3.115687
291 3.3950205
291 3.3383517
284 3.4766934
284 3.423138
282 3.496722
282 3.44467
281 3.5121715
281 3.4593818
285 3.4673247
285 3.4171202
284 3.4821327
284 3.4362323
288 3.4392855
288 3.3944705
291 3.4026465
291 3.3567777
295 3.3678892
295 3.3188136
286 3.4868217
286 3.4402509
288 3.4479313
288 3.4052212
291 3.4121375
291 3.3710573
295 3.3782177
295 3.3385057
294 3.3925087
294 3.356013
293 3.404912
293 3.369575
293 3.3324447
286 3.4703918
286 3.4338868
288 3.4386418
288 3.402373
268 3.7029245
268 3.6642237
270 3.6676831
270 3.6302822
270 3.6740956
270 3.6388357
272 3.6426988
272 3.6061463
276 3.6081474
276 3.5765104
275 3.617394
275 3.584635
278 3.5851662
278 3.5551605
275 3.6307623
275 3.5979066
277 3.601657
277 3.5695164
277 3.5379446
277 3.5768137
279 3.57875
279 3.549521
279 3.5210063
274 3.625521
274 3.5950677
275 3.5979612
275 3.5687141
278 3.5720139
278 3.5426416
280 3.5481582
280 3.5184238
282 3.5219088
282 3.4947422
279 3.5593855
279 3.5345552
281 3.5371554
281 3.5084507
283 3.5147252
283 3.4871488
278 3.5807
278 3.5537658
280 3.5575678
280 3.5309908
281 3.5358217
281 3.5095794
281 3.5404296
281 3.517531
283 3.5186486
283 3.495819
280 3.5541735
280 3.5303528
282 3.5326014
282 3.5099177
280 3.5663145
274 3.6224105
275 3.6242504
275 3.6012182
275 3.5772526
275 3.6075604
275 3.583671
275 3.6123438
275 3.5885475
275 3.6162682
275 3.593663
276 3.596308
276 3.5738385
278 3.5755966
278 3.5544145
280 3.5572345
280 3.5341718
281 3.5387077
281 3.5179029
281 3.5427039
281 3.52339
281 3.5499597
281 3.5289965
282 3.53109
282 3.5110564
284 3.513476
284 3.494012
285 3.4959443
285 3.4758506
287 3.4794397
287 3.4605186
288 3.4618306
285 3.4885013
285 3.4685402
286 3.4714594
286 3.4526463
284 3.4989352
284 3.4797268
285 3.4832718
285 3.46487
285 3.4880257
285 3.4706056
286 3.4723682
286 3.4551356
288 3.457469
288 3.4387043
289 3.4423053
289 3.4245872
289 3.4486277
289 3.430288
287 3.473765
282 3.517376
284 3.5190146
281 3.5417953
281 3.523915
282 3.5262597
282 3.5082219
278 3.5697565
278 3.55257
280 3.5537014
280 3.5374413
281 3.539586
281 3.522803
282 3.5252643
282 3.507581
273 3.6429188
273 3.6250842
274 3.6268275
274 3.610242
274 3.6303995
274 3.6134853
275 3.6160421
275 3.5990186
277 3.6013536
277 3.5845523
275 3.6224737
275 3.6059837
275 3.6262798
275 3.609789
275 3.6290607
275 3.613211
276 3.6148365
276 3.599249
277 3.6002977
277 3.585218
278 3.5870593
278 3.572344
279 3.5730085
275 3.610047
275 3.5935419
276 3.595853
276 3.5808706
278 3.5825572
278 3.5675766
279 3.569304
279 3.554678
280 3.5565608
280 3.5418742
280 3.5599916
280 3.545755
279 3.5635965
279 3.5492315
280 3.5512614
280 3.5375104
278 3.5866184
278 3.572332
279 3.5739026
279 3.5600584
279 3.577119
279 3.5637584
266 3.7515893
266 3.736471
267 3.7375991
267 3.723282
266 3.755037
266 3.7401931
264 3.7716987
264 3.7580366
264 3.7740386
264 3.7598488
264 3.7458212
265 3.746432
265 3.7618484
265 3.7486346
265 3.7349095
266 3.7354975
266 3.7217042
267 3.7229323
267 3.7092311
267 3.7249863
267 3.7107885
268 3.7124634
268 3.699313
269 3.7003303
269 3.687211
270 3.688212
270 3.675228
270 3.6906064
270 3.6774988
269 3.7064905
269 3.6938288
270 3.6948369
270 3.6821492
270 3.682482
270 3.6704786
271 3.6715028
271 3.6590178
271 3.6739783
271 3.6610737
272 3.661968
272 3.6503208
273 3.6512947
273 3.6397574
274 3.6403737
274 3.6283703
274 3.642795
274 3.6310055
274 3.6450412
274 3.6337495
274 3.6345162
274 3.622765
274 3.6368344
274 3.6251984
275 3.6264498
272 3.6536121
272 3.6413815
272 3.6552594
272 3.6437967
271 3.6703286
271 3.6582441
270 3.684932
270 3.6734283
271 3.6738977
271 3.6630037
272 3.663595
272 3.6529338
272 3.6658974
272 3.655115
272 3.6558137
272 3.6447248
271 3.6816697
271 3.6715095
271 3.6720595
271 3.6610563
272 3.6619446
272 3.6508625
272 3.6644075
272 3.6531641
271 3.678002
271 3.666916
272 3.6680746
272 3.6576014
273 3.658178
273 3.6473238
273 3.6489096
273 3.6378477
273 3.6504836
273 3.639989
274 3.640903
274 3.6308308
275 3.631516
275 3.6215692
276 3.622112
276 3.6122472
276 3.601577
275 3.614649
275 3.604031
274 3.6271472
274 3.6172867
273 3.65217
273 3.641807
273 3.6539855
273 3.6438775
272 3.6559021
272 3.645845
272 3.6577573
272 3.6477904
273 3.6486754
273 3.6387875
273 3.650709
273 3.640592
274 3.6420398
274 3.6318042
273 3.6436942
273 3.6337836
273 3.6455262
273 3.6360912
274 3.6366353
274 3.627428
275 3.6279929
275 3.6184733
275 3.6194415
275 3.6099563
276 3.6108663
276 3.60183
277 3.6026816
277 3.5936003
277 3.5943198
277 3.5850463
278 3.5855627
278 3.5768402
279 3.5778544
279 3.5686452
280 3.5696752
280 3.5611155
280 3.5617971
279 3.5629454
279 3.5538187
279 3.5654407
279 3.556245
278 3.5774221
278 3.568493
277 3.5891745
277 3.5807972
278 3.5815551
278 3.5727754
279 3.573656
279 3.5647984
279 3.5664322
279 3.5571454
279 3.5680678
279 3.5594149
280 3.5604198
280 3.5517929
281 3.5528462
281 3.544245
281 3.555109
281 3.5465436
281 3.5476334
281 3.5389912
282 3.54006
282 3.5321522
282 3.5328286
282 3.5244384
282 3.534942
282 3.52702
283 3.5277693
283 3.5198345
281 3.548696
281 3.5407512
281 3.5509703
275 3.6176145
276 3.6181
274 3.6282315
274 3.6199682
274 3.6295462
274 3.6218526
274 3.63195
274 3.623255
275 3.6244817
275 3.6160421
275 3.6168835
275 3.6085334
276 3.6098793
276 3.6014187
277 3.6019282
277 3.5940766
277 3.5950856
277 3.5869615
278 3.5883026
278 3.5801973
278 3.5897846
278 3.5817447
278 3.5914762
278 3.5835316
273 3.6551127
273 3.647063
269 3.7006435
269 3.6925938
270 3.6932018
270 3.6850746
270 3.6945384
270 3.6864758
271 3.6871557
271 3.6792078
270 3.6885068
270 3.680622
269 3.7157454
269 3.7075818
269 3.7086208
269 3.7003486
270 3.7009244
268 3.710417
269 3.7106855
269 3.703233
269 3.6951227
269 3.7045476
269 3.6964064
269 3.7054775
269 3.69771
266 3.7485776
266 3.74069
266 3.741199
266 3.73336
267 3.7339442
267 3.7261527
267 3.727057
267 3.7191582
268 3.719736
268 3.7121294
268 3.712567
268 3.7054305
268 3.722054
268 3.7143533
267 3.7312827
267 3.7236848
267 3.7323403
267 3.724741
266 3.7414227
266 3.7339556
266 3.7505522
266 3.742977
266 3.7516398
266 3.7440028
266 3.7445426
266 3.737426
265 3.7614868
265 3.7540095
266 3.7545547
266 3.7471502
265 3.763424
265 3.755972
266 3.7564209
266 3.7491
266 3.7573721
265 3.7578156
265 3.7505934
266 3.7510777
266 3.7436926
265 3.7596602
265 3.7525482
265 3.7607315
265 3.7537594
265 3.753944
265 3.7467532
266 3.747094
266 3.740258
266 3.7480574
266 3.7412174
266 3.7417934
266 3.7344522
267 3.7349825
267 3.7279644
267 3.7284203
267 3.7214408
268 3.7219074
268 3.7148547
268 3.7158043
268 3.708485
269 3.7093036
269 3.7025194
269 3.709942
269 3.7032099
267 3.7410262
265 3.763782
265 3.7712224
265 3.7642908
265 3.7646954
265 3.7578838
266 3.7583542
265 3.7663684
265 3.759179
265 3.75959
265 3.752713
262 3.796716
262 3.7898786
263 3.790121
263 3.783702
263 3.7837913
263 3.7769177
263 3.784512
263 3.7777967
263 3.7923968
263 3.7856915
263 3.7860456
263 3.779295
263 3.7938955
263 3.787235
263 3.787638
263 3.780905
263 3.795427
263 3.7887843
263 3.789048
263 3.782413
262 3.80385
262 3.797477
263 3.797592
263 3.790988
263 3.7913244
263 3.7847278
263 3.785153
263 3.7785378
264 3.778841
264 3.7725978
264 3.7730923
264 3.7663102
264 3.7735333
264 3.7671092
264 3.77428
264 3.768185
265 3.768323
265 3.7619257
265 3.7624059
265 3.7559638
265 3.7698374
265 3.7635822
265 3.7638533
265 3.7578063
265 3.7646458
265 3.758668
265 3.7521567
265 3.7658746
265 3.7595987
264 3.7732582
264 3.7673166
263 3.7873511
263 3.7810562
263 3.7881293
263 3.7818286
262 3.8019807
262 3.7957532
263 3.7960136
263 3.789816
263 3.7967558
263 3.7905276
263 3.7908943
263 3.7848928
263 3.7849965
263 3.7789018
263 3.7857673
263 3.7795684
263 3.7993085
263 3.7932549
262 3.7999792
262 3.7939196
262 3.8135104
262 3.8073995
262 3.8076832
262 3.8014796
262 3.8021843
262 3.7960334
263 3.796092
263 3.7901154
261 3.828552
261 3.8227122
260 3.8417065
260 3.8355749
260 3.835882
260 3.829755
261 3.8302867
261 3.824164
261 3.824343
261 3.8184397
261 3.818723
261 3.8189101
261 3.8129716
260 3.8259444
260 3.819847
260 3.8325088
260 3.8266096
260 3.8331914
260 3.827002
260 3.8275745
260 3.82139
261 3.8220155
261 3.8158355
261 3.816327
261 3.810617
261 3.8228912
261 3.8172123
261 3.8172576
261 3.8114657
262 3.8117054
262 3.806262
262 3.8062325
262 3.8007674
262 3.8008614
262 3.7953062
263 3.7956362
263 3.7897642
263 3.7900786
263 3.784414
264 3.7846906
264 3.7791636
264 3.7794695
264 3.7738767
264 3.7803705
264 3.7744567
264 3.7806847
264 3.7753017
262 3.8111196
262 3.8053277
262 3.8057256
262 3.799959
263 3.8002744
263 3.7949107
263 3.7950332
263 3.7894933
263 3.7839696
263 3.795884
263 3.790389
262 3.802215
262 3.7969913
262 3.8028536
262 3.7975342
261 3.8152077
261 3.8095129
262 3.809809
262 3.8043356
262 3.804572
262 3.7990348
262 3.8110716
262 3.8053663
262 3.8056004
262 3.8004832
262 3.8005505
262 3.7952821
263 3.8013322
262 3.8016567
262 3.8072717
262 3.8076298
262 3.8021526
262 3.8083005
262 3.8027945
261 3.8199673
261 3.814503
261 3.8259661
261 3.820637
261 3.8209515
261 3.8156443
261 3.8158581
261 3.8105514
262 3.8108573
262 3.805572
262 3.811571
262 3.80611
262 3.8064616
262 3.8012536
262 3.8123152
262 3.807386
261 3.8186183
261 3.8130875
262 3.8133435
262 3.8083148
261 3.8195052
261 3.8142946
262 3.8145893
262 3.8091714
262 3.8094926
262 3.804283
262 3.804548
262 3.7993798
262 3.8050761
262 3.7999623
262 3.8055606
262 3.8007667
262 3.7953315
263 3.795851
263 3.7906
263 3.7909007
263 3.7857926
263 3.786119
263 3.7806678
264 3.7813423
264 3.7763143
264 3.781923
264 3.7768276
264 3.7826612
264 3.7774978
264 3.777752
264 3.7727487
264 3.7731476
264 3.7681036
265 3.7684283
265 3.763424
265 3.7639508
265 3.758808
265 3.7594378
265 3.7542553
265 3.759771
265 3.7548952
265 3.7604349
265 3.7555904
266 3.755888
266 3.751023
266 3.756539
266 3.7516084
265 3.7623477
265 3.7574415
265 3.7628818
265 3.758123
265 3.7634714
265 3.7587237
265 3.759052
265 3.7541492
266 3.7544823
266 3.749713
266 3.7446125
266 3.7501972
266 3.7457752
266 3.7510214
266 3.7462869
266 3.751576
266 3.7468333
266 3.7522218
266 3.7477553
266 3.7477899
266 3.7430947
266 3.743474
266 3.7387774
266 3.744042
266 3.7395809
267 3.7397008
267 3.7350883
267 3.7353442
267 3.730674
267 3.7312875
267 3.7264674
268 3.726751
268 3.722189
268 3.7274642
268 3.7228756
268 3.7281003
268 3.7235038
268 3.7238443
268 3.7192643
268 3.719664
268 3.715064
268 3.7300813
268 3.7254977
268 3.721235
267 3.7311428
267 3.7265565
266 3.7463946
266 3.741783
266 3.7420783
266 3.7377553
266 3.7476425
266 3.7430694
266 3.7529984
266 3.7486653
266 3.7487879
266 3.7445061
266 3.7494645
266 3.744904
265 3.7596512
265 3.7550714
266 3.7556345
266 3.7509627
265 3.760728
265 3.7565274
264 3.7756355
264 3.771141
264 3.776205
264 3.7717566
264 3.7719378
264 3.7675583
265 3.7677262
265 3.7634866
264 3.773068
264 3.7686188
265 3.7689092
265 3.7644224
264 3.774099
264 3.7697408
264 3.7746997
264 3.770227
264 3.7845118
264 3.7801442
264 3.7849796
264 3.7807624
264 3.785498
264 3.7811668
264 3.7813506
264 3.7769992
264 3.772623
264 3.772921
264 3.7684724
264 3.782875
264 3.7784247
264 3.7831311
264 3.7788477
264 3.7790844
264 3.7747285
263 3.7979386
263 3.793571
263 3.7983663
263 3.794008
261 3.8171425
261 3.8127205
262 3.8129513
262 3.8085792
262 3.8087966
262 3.8045602
262 3.8047125
262 3.8003695
262 3.8008533
262 3.7964044
263 3.7965312
263 3.7924566
263 3.7925706
263 3.7883048
263 3.78873
263 3.784376
263 3.793671
263 3.789253
263 3.798369
263 3.79421
263 3.7944226
263 3.7902098
263 3.7993345
263 3.7951086
263 3.7997468
263 3.7955465
263 3.800157
262 3.800412
262 3.7962248
263 3.7964334
263 3.7922266
263 3.7925227
263 3.788279
263 3.788512
263 3.784399
263 3.7890263
263 3.7848055
263 3.7894053
263 3.7854917
263 3.7986412
263 3.7945445
263 3.7991302
263 3.7949424
263 3.7952316
263 3.791057
263 3.7912674
263 3.7872217
263 3.787419
263 3.7833204
264 3.783522
264 3.7794528
264 3.7797396
264 3.7757807
263 3.7930975
263 3.7889702
263 3.7935092
263 3.789488
262 3.8025749
262 3.7984712
263 3.7987192
263 3.794661
263 3.7948153
263 3.7908347
263 3.7953331
263 3.7912474
263 3.7915015
263 3.7874284
263 3.787702
263 3.7836258
264 3.7838547
264 3.779903
264 3.784359
264 3.7803514
264 3.7806149
263 3.785008
263 3.7810762
263 3.7938626
263 3.7898817
263 3.790102
263 3.7861812
263 3.7863889
263 3.7823694
263 3.7911367
263 3.7870414
263 3.7914612
263 3.7875004
263 3.796021
263 3.792111
263 3.7923424
263 3.7883341
263 3.7886317
263 3.7848392
263 3.7972853
263 3.7933981
262 3.8059344
262 3.8019836
262 3.806506
262 3.8024533
262 3.8026404
262 3.7987561
263 3.7989311
263 3.795074
262 3.8034787
262 3.7995472
263 3.7997363
263 3.7958786
262 3.8083057
262 3.804494
262 3.8087108
262 3.8048909
262 3.809099
262 3.80524
262 3.8054214
262 3.8015587
262 3.8018205
262 3.7979999
263 3.7981725
263 3.7943327
263 3.798533
263 3.7949443
263 3.7949827
263 3.7911305
263 3.7913857
262 3.799602
262 3.7957418
263 3.7959914
263 3.7922184
262 3.804389
262 3.8006153
262 3.8009346
262 3.7970204
262 3.8051507
262 3.8013458
262 3.8095315
262 3.8056993
262 3.8059068
262 3.8021762
262 3.8023114
262 3.7986217
262 3.8067014
262 3.802955
262 3.8070817
262 3.8032672
261 3.8272364
261 3.8233194
259 3.8470278
259 3.8432639
259 3.8473117
259 3.8434796
259 3.8477747
259 3.8438296
259 3.8595302
259 3.8558059
258 3.859533
258 3.856116
258 3.8600752
258 3.85632
259 3.8566532
259 3.8527598
259 3.8529465
259 3.8492427
259 3.8493285
259 3.8456056
259 3.8458283
259 3.8420713
260 3.842282
260 3.8385062
260 3.8350027
Start time: 17/12/2018 12:21:02.317
End time: 17/12/2018 12:25:23.086
Duration: 260769 milliseconds (260.769 seconds)
Average latency: 260 milliseconds
Reads average latency: 9 milliseconds
Writes average latency: 505 milliseconds
Average throughput: 3.8348114 operations per second
Number of requests: 1000
Number of reads: 494
Number of writes: 506
Number of timeouts: 0
Percentage of writes: 50%
Number of replicas: 4
